 # thickness,pce,jmax,j0,jsc,vmax,voc,ff
    0.00000E+00    0.00000E+00    0.00000E+00    0.00000E+00    0.00000E+00    0.16690E+01    0.16690E+01            NaN
    0.20040E-02    0.15329E+01    0.95966E+01    0.15105E-27    0.97509E+01    0.15978E+01    0.17044E+01    0.92266E+02
    0.40080E-02    0.29197E+01    0.18290E+02    0.29900E-27    0.18584E+02    0.15969E+01    0.17034E+01    0.92263E+02
    0.60120E-02    0.41780E+01    0.26187E+02    0.44390E-27    0.26609E+02    0.15960E+01    0.17025E+01    0.92259E+02
    0.80160E-02    0.53228E+01    0.33381E+02    0.58584E-27    0.33918E+02    0.15951E+01    0.17016E+01    0.92256E+02
    0.10020E-01    0.63671E+01    0.39951E+02    0.72486E-27    0.40595E+02    0.15943E+01    0.17007E+01    0.92253E+02
    0.12024E-01    0.73222E+01    0.45967E+02    0.86105E-27    0.46709E+02    0.15935E+01    0.16999E+01    0.92250E+02
    0.14028E-01    0.81979E+01    0.51490E+02    0.99446E-27    0.52321E+02    0.15927E+01    0.16991E+01    0.92247E+02
    0.16032E-01    0.90028E+01    0.56572E+02    0.11252E-26    0.57485E+02    0.15919E+01    0.16984E+01    0.92245E+02
    0.18036E-01    0.97443E+01    0.61259E+02    0.12532E-26    0.62248E+02    0.15912E+01    0.16976E+01    0.92242E+02
    0.20040E-01    0.10429E+02    0.65591E+02    0.13786E-26    0.66650E+02    0.15905E+01    0.16969E+01    0.92239E+02
    0.22044E-01    0.11062E+02    0.69603E+02    0.15015E-26    0.70728E+02    0.15899E+01    0.16963E+01    0.92237E+02
    0.24048E-01    0.11649E+02    0.73327E+02    0.16220E-26    0.74512E+02    0.15892E+01    0.16956E+01    0.92235E+02
    0.26052E-01    0.12195E+02    0.76790E+02    0.17400E-26    0.78032E+02    0.15886E+01    0.16950E+01    0.92232E+02
    0.28056E-01    0.12703E+02    0.80016E+02    0.18556E-26    0.81310E+02    0.15881E+01    0.16944E+01    0.92230E+02
    0.30060E-01    0.13176E+02    0.83026E+02    0.19689E-26    0.84370E+02    0.15875E+01    0.16938E+01    0.92228E+02
    0.32064E-01    0.13618E+02    0.85840E+02    0.20799E-26    0.87230E+02    0.15869E+01    0.16933E+01    0.92226E+02
    0.34068E-01    0.14031E+02    0.88474E+02    0.21887E-26    0.89907E+02    0.15864E+01    0.16928E+01    0.92224E+02
    0.36072E-01    0.14418E+02    0.90945E+02    0.22953E-26    0.92418E+02    0.15859E+01    0.16922E+01    0.92222E+02
    0.38076E-01    0.14781E+02    0.93264E+02    0.23997E-26    0.94776E+02    0.15854E+01    0.16918E+01    0.92220E+02
    0.40080E-01    0.15122E+02    0.95445E+02    0.25021E-26    0.96992E+02    0.15850E+01    0.16913E+01    0.92219E+02
    0.42084E-01    0.15443E+02    0.97498E+02    0.26025E-26    0.99079E+02    0.15845E+01    0.16908E+01    0.92217E+02
    0.44088E-01    0.15745E+02    0.99434E+02    0.27008E-26    0.10105E+03    0.15841E+01    0.16904E+01    0.92215E+02
    0.46092E-01    0.16030E+02    0.10126E+03    0.27972E-26    0.10290E+03    0.15836E+01    0.16899E+01    0.92214E+02
    0.48096E-01    0.16299E+02    0.10299E+03    0.28917E-26    0.10466E+03    0.15832E+01    0.16895E+01    0.92212E+02
    0.50100E-01    0.16553E+02    0.10462E+03    0.29843E-26    0.10632E+03    0.15828E+01    0.16891E+01    0.92211E+02
    0.52104E-01    0.16794E+02    0.10616E+03    0.30751E-26    0.10789E+03    0.15824E+01    0.16887E+01    0.92209E+02
    0.54108E-01    0.17021E+02    0.10763E+03    0.31641E-26    0.10937E+03    0.15821E+01    0.16883E+01    0.92208E+02
    0.56112E-01    0.17237E+02    0.10902E+03    0.32513E-26    0.11079E+03    0.15817E+01    0.16880E+01    0.92207E+02
    0.58116E-01    0.17442E+02    0.11033E+03    0.33368E-26    0.11213E+03    0.15813E+01    0.16876E+01    0.92205E+02
    0.60120E-01    0.17636E+02    0.11159E+03    0.34206E-26    0.11340E+03    0.15810E+01    0.16873E+01    0.92204E+02
    0.62124E-01    0.17820E+02    0.11278E+03    0.35028E-26    0.11461E+03    0.15807E+01    0.16869E+01    0.92203E+02
    0.64128E-01    0.17996E+02    0.11391E+03    0.35833E-26    0.11576E+03    0.15803E+01    0.16866E+01    0.92202E+02
    0.66132E-01    0.18163E+02    0.11499E+03    0.36623E-26    0.11686E+03    0.15800E+01    0.16863E+01    0.92200E+02
    0.68136E-01    0.18321E+02    0.11602E+03    0.37397E-26    0.11790E+03    0.15797E+01    0.16860E+01    0.92199E+02
    0.70140E-01    0.18473E+02    0.11700E+03    0.38156E-26    0.11890E+03    0.15794E+01    0.16857E+01    0.92198E+02
    0.72144E-01    0.18617E+02    0.11793E+03    0.38900E-26    0.11985E+03    0.15791E+01    0.16854E+01    0.92197E+02
    0.74148E-01    0.18755E+02    0.11883E+03    0.39629E-26    0.12076E+03    0.15789E+01    0.16851E+01    0.92196E+02
    0.76152E-01    0.18886E+02    0.11968E+03    0.40345E-26    0.12163E+03    0.15786E+01    0.16848E+01    0.92195E+02
    0.78156E-01    0.19012E+02    0.12050E+03    0.41046E-26    0.12246E+03    0.15783E+01    0.16845E+01    0.92194E+02
    0.80160E-01    0.19132E+02    0.12128E+03    0.41734E-26    0.12325E+03    0.15781E+01    0.16843E+01    0.92193E+02
    0.82164E-01    0.19247E+02    0.12202E+03    0.42408E-26    0.12401E+03    0.15778E+01    0.16840E+01    0.92192E+02
    0.84168E-01    0.19357E+02    0.12274E+03    0.43069E-26    0.12474E+03    0.15776E+01    0.16838E+01    0.92191E+02
    0.86172E-01    0.19462E+02    0.12343E+03    0.43717E-26    0.12544E+03    0.15773E+01    0.16835E+01    0.92190E+02
    0.88176E-01    0.19562E+02    0.12408E+03    0.44353E-26    0.12610E+03    0.15771E+01    0.16833E+01    0.92189E+02
    0.90180E-01    0.19659E+02    0.12471E+03    0.44976E-26    0.12674E+03    0.15769E+01    0.16831E+01    0.92189E+02
    0.92184E-01    0.19751E+02    0.12531E+03    0.45587E-26    0.12736E+03    0.15767E+01    0.16829E+01    0.92188E+02
    0.94188E-01    0.19840E+02    0.12589E+03    0.46187E-26    0.12795E+03    0.15765E+01    0.16826E+01    0.92187E+02
    0.96192E-01    0.19925E+02    0.12645E+03    0.46774E-26    0.12851E+03    0.15762E+01    0.16824E+01    0.92186E+02
    0.98196E-01    0.20007E+02    0.12698E+03    0.47351E-26    0.12905E+03    0.15760E+01    0.16822E+01    0.92185E+02
    0.10020E+00    0.20085E+02    0.12750E+03    0.47916E-26    0.12958E+03    0.15758E+01    0.16820E+01    0.92185E+02
    0.10220E+00    0.20160E+02    0.12799E+03    0.48470E-26    0.13008E+03    0.15757E+01    0.16818E+01    0.92184E+02
    0.10421E+00    0.20232E+02    0.12847E+03    0.49014E-26    0.13056E+03    0.15755E+01    0.16816E+01    0.92183E+02
    0.10621E+00    0.20302E+02    0.12892E+03    0.49547E-26    0.13103E+03    0.15753E+01    0.16814E+01    0.92183E+02
    0.10822E+00    0.20369E+02    0.12936E+03    0.50070E-26    0.13147E+03    0.15751E+01    0.16813E+01    0.92182E+02
    0.11022E+00    0.20433E+02    0.12978E+03    0.50582E-26    0.13190E+03    0.15749E+01    0.16811E+01    0.92181E+02
    0.11222E+00    0.20495E+02    0.13019E+03    0.51085E-26    0.13232E+03    0.15748E+01    0.16809E+01    0.92181E+02
    0.11423E+00    0.20555E+02    0.13058E+03    0.51578E-26    0.13271E+03    0.15746E+01    0.16807E+01    0.92180E+02
    0.11623E+00    0.20612E+02    0.13096E+03    0.52062E-26    0.13310E+03    0.15744E+01    0.16806E+01    0.92179E+02
    0.11824E+00    0.20667E+02    0.13133E+03    0.52536E-26    0.13347E+03    0.15743E+01    0.16804E+01    0.92179E+02
    0.12024E+00    0.20720E+02    0.13168E+03    0.53001E-26    0.13383E+03    0.15741E+01    0.16803E+01    0.92178E+02
    0.12224E+00    0.20771E+02    0.13201E+03    0.53458E-26    0.13417E+03    0.15740E+01    0.16801E+01    0.92178E+02
    0.12425E+00    0.20821E+02    0.13234E+03    0.53905E-26    0.13450E+03    0.15738E+01    0.16800E+01    0.92177E+02
    0.12625E+00    0.20869E+02    0.13266E+03    0.54344E-26    0.13482E+03    0.15737E+01    0.16798E+01    0.92176E+02
    0.12826E+00    0.20915E+02    0.13296E+03    0.54775E-26    0.13513E+03    0.15735E+01    0.16797E+01    0.92176E+02
    0.13026E+00    0.20959E+02    0.13325E+03    0.55197E-26    0.13543E+03    0.15734E+01    0.16795E+01    0.92175E+02
    0.13226E+00    0.21002E+02    0.13354E+03    0.55612E-26    0.13572E+03    0.15733E+01    0.16794E+01    0.92175E+02
    0.13427E+00    0.21043E+02    0.13381E+03    0.56018E-26    0.13600E+03    0.15731E+01    0.16792E+01    0.92174E+02
    0.13627E+00    0.21083E+02    0.13408E+03    0.56416E-26    0.13627E+03    0.15730E+01    0.16791E+01    0.92174E+02
    0.13828E+00    0.21121E+02    0.13433E+03    0.56807E-26    0.13653E+03    0.15729E+01    0.16790E+01    0.92173E+02
    0.14028E+00    0.21159E+02    0.13458E+03    0.57191E-26    0.13678E+03    0.15727E+01    0.16789E+01    0.92173E+02
    0.14228E+00    0.21194E+02    0.13482E+03    0.57567E-26    0.13702E+03    0.15726E+01    0.16787E+01    0.92173E+02
    0.14429E+00    0.21229E+02    0.13505E+03    0.57936E-26    0.13726E+03    0.15725E+01    0.16786E+01    0.92172E+02
    0.14629E+00    0.21263E+02    0.13527E+03    0.58298E-26    0.13748E+03    0.15724E+01    0.16785E+01    0.92172E+02
    0.14830E+00    0.21295E+02    0.13549E+03    0.58653E-26    0.13770E+03    0.15723E+01    0.16784E+01    0.92171E+02
    0.15030E+00    0.21327E+02    0.13570E+03    0.59001E-26    0.13792E+03    0.15722E+01    0.16783E+01    0.92171E+02
    0.15230E+00    0.21357E+02    0.13590E+03    0.59343E-26    0.13812E+03    0.15721E+01    0.16782E+01    0.92170E+02
    0.15431E+00    0.21386E+02    0.13610E+03    0.59678E-26    0.13832E+03    0.15719E+01    0.16781E+01    0.92170E+02
    0.15631E+00    0.21415E+02    0.13629E+03    0.60007E-26    0.13851E+03    0.15718E+01    0.16780E+01    0.92170E+02
    0.15832E+00    0.21442E+02    0.13647E+03    0.60329E-26    0.13870E+03    0.15717E+01    0.16779E+01    0.92169E+02
    0.16032E+00    0.21469E+02    0.13665E+03    0.60646E-26    0.13888E+03    0.15716E+01    0.16777E+01    0.92169E+02
    0.16232E+00    0.21495E+02    0.13682E+03    0.60956E-26    0.13906E+03    0.15715E+01    0.16777E+01    0.92168E+02
    0.16433E+00    0.21520E+02    0.13699E+03    0.61260E-26    0.13923E+03    0.15715E+01    0.16776E+01    0.92168E+02
    0.16633E+00    0.21544E+02    0.13715E+03    0.61559E-26    0.13939E+03    0.15714E+01    0.16775E+01    0.92168E+02
    0.16834E+00    0.21567E+02    0.13731E+03    0.61852E-26    0.13955E+03    0.15713E+01    0.16774E+01    0.92167E+02
    0.17034E+00    0.21590E+02    0.13746E+03    0.62140E-26    0.13971E+03    0.15712E+01    0.16773E+01    0.92167E+02
    0.17234E+00    0.21612E+02    0.13761E+03    0.62422E-26    0.13986E+03    0.15711E+01    0.16772E+01    0.92167E+02
    0.17435E+00    0.21634E+02    0.13775E+03    0.62698E-26    0.14000E+03    0.15710E+01    0.16771E+01    0.92166E+02
    0.17635E+00    0.21654E+02    0.13789E+03    0.62970E-26    0.14015E+03    0.15709E+01    0.16770E+01    0.92166E+02
    0.17836E+00    0.21674E+02    0.13803E+03    0.63236E-26    0.14028E+03    0.15708E+01    0.16769E+01    0.92166E+02
    0.18036E+00    0.21694E+02    0.13816E+03    0.63497E-26    0.14042E+03    0.15708E+01    0.16769E+01    0.92166E+02
    0.18236E+00    0.21713E+02    0.13828E+03    0.63753E-26    0.14055E+03    0.15707E+01    0.16768E+01    0.92165E+02
    0.18437E+00    0.21731E+02    0.13841E+03    0.64005E-26    0.14067E+03    0.15706E+01    0.16767E+01    0.92165E+02
    0.18637E+00    0.21749E+02    0.13853E+03    0.64252E-26    0.14079E+03    0.15705E+01    0.16766E+01    0.92165E+02
    0.18838E+00    0.21766E+02    0.13864E+03    0.64494E-26    0.14091E+03    0.15705E+01    0.16765E+01    0.92164E+02
    0.19038E+00    0.21783E+02    0.13876E+03    0.64731E-26    0.14103E+03    0.15704E+01    0.16765E+01    0.92164E+02
    0.19238E+00    0.21799E+02    0.13887E+03    0.64964E-26    0.14114E+03    0.15703E+01    0.16764E+01    0.92164E+02
    0.19439E+00    0.21815E+02    0.13897E+03    0.65193E-26    0.14125E+03    0.15702E+01    0.16763E+01    0.92164E+02
    0.19639E+00    0.21830E+02    0.13908E+03    0.65417E-26    0.14135E+03    0.15702E+01    0.16763E+01    0.92163E+02
    0.19840E+00    0.21845E+02    0.13918E+03    0.65637E-26    0.14145E+03    0.15701E+01    0.16762E+01    0.92163E+02
    0.20040E+00    0.21859E+02    0.13927E+03    0.65853E-26    0.14155E+03    0.15700E+01    0.16761E+01    0.92163E+02
    0.20240E+00    0.21873E+02    0.13937E+03    0.66065E-26    0.14165E+03    0.15700E+01    0.16761E+01    0.92163E+02
    0.20441E+00    0.21887E+02    0.13946E+03    0.66272E-26    0.14174E+03    0.15699E+01    0.16760E+01    0.92162E+02
    0.20641E+00    0.21900E+02    0.13955E+03    0.66476E-26    0.14184E+03    0.15699E+01    0.16759E+01    0.92162E+02
    0.20842E+00    0.21913E+02    0.13964E+03    0.66676E-26    0.14192E+03    0.15698E+01    0.16759E+01    0.92162E+02
    0.21042E+00    0.21926E+02    0.13972E+03    0.66873E-26    0.14201E+03    0.15697E+01    0.16758E+01    0.92162E+02
    0.21242E+00    0.21938E+02    0.13981E+03    0.67065E-26    0.14210E+03    0.15697E+01    0.16758E+01    0.92161E+02
    0.21443E+00    0.21950E+02    0.13989E+03    0.67254E-26    0.14218E+03    0.15696E+01    0.16757E+01    0.92161E+02
    0.21643E+00    0.21961E+02    0.13997E+03    0.67440E-26    0.14226E+03    0.15696E+01    0.16756E+01    0.92161E+02
    0.21844E+00    0.21972E+02    0.14004E+03    0.67622E-26    0.14233E+03    0.15695E+01    0.16756E+01    0.92161E+02
    0.22044E+00    0.21983E+02    0.14012E+03    0.67800E-26    0.14241E+03    0.15695E+01    0.16755E+01    0.92161E+02
    0.22244E+00    0.21994E+02    0.14019E+03    0.67975E-26    0.14248E+03    0.15694E+01    0.16755E+01    0.92160E+02
    0.22445E+00    0.22004E+02    0.14026E+03    0.68147E-26    0.14255E+03    0.15694E+01    0.16754E+01    0.92160E+02
    0.22645E+00    0.22014E+02    0.14033E+03    0.68316E-26    0.14262E+03    0.15693E+01    0.16754E+01    0.92160E+02
    0.22846E+00    0.22024E+02    0.14039E+03    0.68481E-26    0.14269E+03    0.15693E+01    0.16753E+01    0.92160E+02
    0.23046E+00    0.22033E+02    0.14046E+03    0.68643E-26    0.14276E+03    0.15692E+01    0.16753E+01    0.92160E+02
    0.23246E+00    0.22042E+02    0.14052E+03    0.68803E-26    0.14282E+03    0.15692E+01    0.16752E+01    0.92159E+02
    0.23447E+00    0.22051E+02    0.14058E+03    0.68959E-26    0.14288E+03    0.15691E+01    0.16752E+01    0.92159E+02
    0.23647E+00    0.22060E+02    0.14064E+03    0.69112E-26    0.14294E+03    0.15691E+01    0.16751E+01    0.92159E+02
    0.23848E+00    0.22068E+02    0.14070E+03    0.69263E-26    0.14300E+03    0.15690E+01    0.16751E+01    0.92159E+02
    0.24048E+00    0.22077E+02    0.14076E+03    0.69411E-26    0.14306E+03    0.15690E+01    0.16750E+01    0.92159E+02
    0.24248E+00    0.22085E+02    0.14081E+03    0.69555E-26    0.14312E+03    0.15689E+01    0.16750E+01    0.92159E+02
    0.24449E+00    0.22093E+02    0.14086E+03    0.69698E-26    0.14317E+03    0.15689E+01    0.16750E+01    0.92158E+02
    0.24649E+00    0.22100E+02    0.14092E+03    0.69837E-26    0.14322E+03    0.15689E+01    0.16749E+01    0.92158E+02
    0.24850E+00    0.22108E+02    0.14097E+03    0.69974E-26    0.14328E+03    0.15688E+01    0.16749E+01    0.92158E+02
    0.25050E+00    0.22115E+02    0.14102E+03    0.70108E-26    0.14333E+03    0.15688E+01    0.16748E+01    0.92158E+02
    0.25251E+00    0.22122E+02    0.14107E+03    0.70240E-26    0.14338E+03    0.15687E+01    0.16748E+01    0.92158E+02
    0.25451E+00    0.22129E+02    0.14111E+03    0.70370E-26    0.14342E+03    0.15687E+01    0.16748E+01    0.92158E+02
    0.25651E+00    0.22136E+02    0.14116E+03    0.70496E-26    0.14347E+03    0.15687E+01    0.16747E+01    0.92158E+02
    0.25852E+00    0.22142E+02    0.14120E+03    0.70621E-26    0.14352E+03    0.15686E+01    0.16747E+01    0.92157E+02
    0.26052E+00    0.22148E+02    0.14125E+03    0.70743E-26    0.14356E+03    0.15686E+01    0.16746E+01    0.92157E+02
    0.26253E+00    0.22155E+02    0.14129E+03    0.70863E-26    0.14360E+03    0.15686E+01    0.16746E+01    0.92157E+02
    0.26453E+00    0.22161E+02    0.14133E+03    0.70981E-26    0.14365E+03    0.15685E+01    0.16746E+01    0.92157E+02
    0.26653E+00    0.22166E+02    0.14137E+03    0.71096E-26    0.14369E+03    0.15685E+01    0.16745E+01    0.92157E+02
    0.26854E+00    0.22172E+02    0.14141E+03    0.71210E-26    0.14373E+03    0.15684E+01    0.16745E+01    0.92157E+02
    0.27054E+00    0.22178E+02    0.14145E+03    0.71321E-26    0.14377E+03    0.15684E+01    0.16745E+01    0.92157E+02
    0.27255E+00    0.22183E+02    0.14149E+03    0.71430E-26    0.14381E+03    0.15684E+01    0.16744E+01    0.92157E+02
    0.27455E+00    0.22189E+02    0.14152E+03    0.71537E-26    0.14384E+03    0.15684E+01    0.16744E+01    0.92156E+02
    0.27655E+00    0.22194E+02    0.14156E+03    0.71642E-26    0.14388E+03    0.15683E+01    0.16744E+01    0.92156E+02
    0.27856E+00    0.22199E+02    0.14160E+03    0.71745E-26    0.14392E+03    0.15683E+01    0.16743E+01    0.92156E+02
    0.28056E+00    0.22204E+02    0.14163E+03    0.71847E-26    0.14395E+03    0.15683E+01    0.16743E+01    0.92156E+02
    0.28257E+00    0.22209E+02    0.14166E+03    0.71946E-26    0.14398E+03    0.15682E+01    0.16743E+01    0.92156E+02
    0.28457E+00    0.22213E+02    0.14170E+03    0.72043E-26    0.14402E+03    0.15682E+01    0.16743E+01    0.92156E+02
    0.28657E+00    0.22218E+02    0.14173E+03    0.72139E-26    0.14405E+03    0.15682E+01    0.16742E+01    0.92156E+02
    0.28858E+00    0.22222E+02    0.14176E+03    0.72233E-26    0.14408E+03    0.15682E+01    0.16742E+01    0.92156E+02
    0.29058E+00    0.22227E+02    0.14179E+03    0.72325E-26    0.14411E+03    0.15681E+01    0.16742E+01    0.92156E+02
    0.29259E+00    0.22231E+02    0.14182E+03    0.72415E-26    0.14414E+03    0.15681E+01    0.16741E+01    0.92155E+02
    0.29459E+00    0.22235E+02    0.14185E+03    0.72504E-26    0.14417E+03    0.15681E+01    0.16741E+01    0.92155E+02
    0.29659E+00    0.22239E+02    0.14187E+03    0.72591E-26    0.14420E+03    0.15680E+01    0.16741E+01    0.92155E+02
    0.29860E+00    0.22243E+02    0.14190E+03    0.72676E-26    0.14423E+03    0.15680E+01    0.16741E+01    0.92155E+02
    0.30060E+00    0.22247E+02    0.14193E+03    0.72760E-26    0.14425E+03    0.15680E+01    0.16740E+01    0.92155E+02
    0.30261E+00    0.22251E+02    0.14195E+03    0.72843E-26    0.14428E+03    0.15680E+01    0.16740E+01    0.92155E+02
    0.30461E+00    0.22254E+02    0.14198E+03    0.72923E-26    0.14431E+03    0.15679E+01    0.16740E+01    0.92155E+02
    0.30661E+00    0.22258E+02    0.14200E+03    0.73003E-26    0.14433E+03    0.15679E+01    0.16740E+01    0.92155E+02
    0.30862E+00    0.22261E+02    0.14203E+03    0.73080E-26    0.14436E+03    0.15679E+01    0.16740E+01    0.92155E+02
    0.31062E+00    0.22265E+02    0.14205E+03    0.73157E-26    0.14438E+03    0.15679E+01    0.16739E+01    0.92155E+02
    0.31263E+00    0.22268E+02    0.14208E+03    0.73231E-26    0.14440E+03    0.15679E+01    0.16739E+01    0.92155E+02
    0.31463E+00    0.22271E+02    0.14210E+03    0.73305E-26    0.14443E+03    0.15678E+01    0.16739E+01    0.92155E+02
    0.31663E+00    0.22274E+02    0.14212E+03    0.73377E-26    0.14445E+03    0.15678E+01    0.16739E+01    0.92154E+02
    0.31864E+00    0.22277E+02    0.14214E+03    0.73448E-26    0.14447E+03    0.15678E+01    0.16738E+01    0.92154E+02
    0.32064E+00    0.22280E+02    0.14216E+03    0.73517E-26    0.14449E+03    0.15678E+01    0.16738E+01    0.92154E+02
    0.32265E+00    0.22283E+02    0.14218E+03    0.73585E-26    0.14451E+03    0.15678E+01    0.16738E+01    0.92154E+02
    0.32465E+00    0.22286E+02    0.14220E+03    0.73652E-26    0.14453E+03    0.15677E+01    0.16738E+01    0.92154E+02
    0.32665E+00    0.22289E+02    0.14222E+03    0.73718E-26    0.14455E+03    0.15677E+01    0.16738E+01    0.92154E+02
    0.32866E+00    0.22292E+02    0.14224E+03    0.73782E-26    0.14457E+03    0.15677E+01    0.16737E+01    0.92154E+02
    0.33066E+00    0.22295E+02    0.14226E+03    0.73846E-26    0.14459E+03    0.15677E+01    0.16737E+01    0.92154E+02
    0.33267E+00    0.22297E+02    0.14228E+03    0.73908E-26    0.14461E+03    0.15677E+01    0.16737E+01    0.92154E+02
    0.33467E+00    0.22300E+02    0.14230E+03    0.73969E-26    0.14463E+03    0.15676E+01    0.16737E+01    0.92154E+02
    0.33667E+00    0.22302E+02    0.14232E+03    0.74028E-26    0.14465E+03    0.15676E+01    0.16737E+01    0.92154E+02
    0.33868E+00    0.22305E+02    0.14233E+03    0.74087E-26    0.14467E+03    0.15676E+01    0.16737E+01    0.92154E+02
    0.34068E+00    0.22307E+02    0.14235E+03    0.74145E-26    0.14468E+03    0.15676E+01    0.16736E+01    0.92154E+02
    0.34269E+00    0.22309E+02    0.14237E+03    0.74201E-26    0.14470E+03    0.15676E+01    0.16736E+01    0.92154E+02
    0.34469E+00    0.22312E+02    0.14238E+03    0.74257E-26    0.14472E+03    0.15676E+01    0.16736E+01    0.92153E+02
    0.34669E+00    0.22314E+02    0.14240E+03    0.74311E-26    0.14473E+03    0.15675E+01    0.16736E+01    0.92153E+02
    0.34870E+00    0.22316E+02    0.14241E+03    0.74364E-26    0.14475E+03    0.15675E+01    0.16736E+01    0.92153E+02
    0.35070E+00    0.22318E+02    0.14243E+03    0.74417E-26    0.14476E+03    0.15675E+01    0.16736E+01    0.92153E+02
    0.35271E+00    0.22320E+02    0.14244E+03    0.74468E-26    0.14478E+03    0.15675E+01    0.16735E+01    0.92153E+02
    0.35471E+00    0.22322E+02    0.14246E+03    0.74519E-26    0.14479E+03    0.15675E+01    0.16735E+01    0.92153E+02
    0.35671E+00    0.22324E+02    0.14247E+03    0.74568E-26    0.14481E+03    0.15675E+01    0.16735E+01    0.92153E+02
    0.35872E+00    0.22326E+02    0.14248E+03    0.74617E-26    0.14482E+03    0.15675E+01    0.16735E+01    0.92153E+02
    0.36072E+00    0.22328E+02    0.14250E+03    0.74665E-26    0.14483E+03    0.15674E+01    0.16735E+01    0.92153E+02
    0.36273E+00    0.22330E+02    0.14251E+03    0.74711E-26    0.14485E+03    0.15674E+01    0.16735E+01    0.92153E+02
    0.36473E+00    0.22332E+02    0.14252E+03    0.74757E-26    0.14486E+03    0.15674E+01    0.16735E+01    0.92153E+02
    0.36673E+00    0.22334E+02    0.14254E+03    0.74803E-26    0.14487E+03    0.15674E+01    0.16734E+01    0.92153E+02
    0.36874E+00    0.22335E+02    0.14255E+03    0.74847E-26    0.14488E+03    0.15674E+01    0.16734E+01    0.92153E+02
    0.37074E+00    0.22337E+02    0.14256E+03    0.74890E-26    0.14490E+03    0.15674E+01    0.16734E+01    0.92153E+02
    0.37275E+00    0.22339E+02    0.14257E+03    0.74933E-26    0.14491E+03    0.15674E+01    0.16734E+01    0.92153E+02
    0.37475E+00    0.22340E+02    0.14258E+03    0.74975E-26    0.14492E+03    0.15674E+01    0.16734E+01    0.92153E+02
    0.37675E+00    0.22342E+02    0.14259E+03    0.75016E-26    0.14493E+03    0.15673E+01    0.16734E+01    0.92153E+02
    0.37876E+00    0.22343E+02    0.14261E+03    0.75056E-26    0.14494E+03    0.15673E+01    0.16734E+01    0.92153E+02
    0.38076E+00    0.22345E+02    0.14262E+03    0.75096E-26    0.14495E+03    0.15673E+01    0.16734E+01    0.92153E+02
    0.38277E+00    0.22346E+02    0.14263E+03    0.75135E-26    0.14496E+03    0.15673E+01    0.16733E+01    0.92152E+02
    0.38477E+00    0.22348E+02    0.14264E+03    0.75173E-26    0.14497E+03    0.15673E+01    0.16733E+01    0.92152E+02
    0.38677E+00    0.22349E+02    0.14265E+03    0.75210E-26    0.14498E+03    0.15673E+01    0.16733E+01    0.92152E+02
    0.38878E+00    0.22351E+02    0.14266E+03    0.75247E-26    0.14499E+03    0.15673E+01    0.16733E+01    0.92152E+02
    0.39078E+00    0.22352E+02    0.14267E+03    0.75283E-26    0.14500E+03    0.15673E+01    0.16733E+01    0.92152E+02
    0.39279E+00    0.22353E+02    0.14268E+03    0.75318E-26    0.14501E+03    0.15673E+01    0.16733E+01    0.92152E+02
    0.39479E+00    0.22355E+02    0.14268E+03    0.75353E-26    0.14502E+03    0.15672E+01    0.16733E+01    0.92152E+02
    0.39679E+00    0.22356E+02    0.14269E+03    0.75387E-26    0.14503E+03    0.15672E+01    0.16733E+01    0.92152E+02
    0.39880E+00    0.22357E+02    0.14270E+03    0.75421E-26    0.14504E+03    0.15672E+01    0.16733E+01    0.92152E+02
    0.40080E+00    0.22358E+02    0.14271E+03    0.75453E-26    0.14505E+03    0.15672E+01    0.16733E+01    0.92152E+02
    0.40281E+00    0.22359E+02    0.14272E+03    0.75486E-26    0.14506E+03    0.15672E+01    0.16732E+01    0.92152E+02
    0.40481E+00    0.22361E+02    0.14273E+03    0.75517E-26    0.14507E+03    0.15672E+01    0.16732E+01    0.92152E+02
    0.40681E+00    0.22362E+02    0.14274E+03    0.75548E-26    0.14508E+03    0.15672E+01    0.16732E+01    0.92152E+02
    0.40882E+00    0.22363E+02    0.14274E+03    0.75579E-26    0.14508E+03    0.15672E+01    0.16732E+01    0.92152E+02
    0.41082E+00    0.22364E+02    0.14275E+03    0.75609E-26    0.14509E+03    0.15672E+01    0.16732E+01    0.92152E+02
    0.41283E+00    0.22365E+02    0.14276E+03    0.75638E-26    0.14510E+03    0.15672E+01    0.16732E+01    0.92152E+02
    0.41483E+00    0.22366E+02    0.14277E+03    0.75667E-26    0.14511E+03    0.15672E+01    0.16732E+01    0.92152E+02
    0.41683E+00    0.22367E+02    0.14277E+03    0.75695E-26    0.14511E+03    0.15671E+01    0.16732E+01    0.92152E+02
    0.41884E+00    0.22368E+02    0.14278E+03    0.75723E-26    0.14512E+03    0.15671E+01    0.16732E+01    0.92152E+02
    0.42084E+00    0.22369E+02    0.14279E+03    0.75750E-26    0.14513E+03    0.15671E+01    0.16732E+01    0.92152E+02
    0.42285E+00    0.22370E+02    0.14279E+03    0.75777E-26    0.14513E+03    0.15671E+01    0.16732E+01    0.92152E+02
    0.42485E+00    0.22371E+02    0.14280E+03    0.75803E-26    0.14514E+03    0.15671E+01    0.16732E+01    0.92152E+02
    0.42685E+00    0.22372E+02    0.14281E+03    0.75829E-26    0.14515E+03    0.15671E+01    0.16731E+01    0.92152E+02
    0.42886E+00    0.22373E+02    0.14281E+03    0.75854E-26    0.14515E+03    0.15671E+01    0.16731E+01    0.92152E+02
    0.43086E+00    0.22373E+02    0.14282E+03    0.75879E-26    0.14516E+03    0.15671E+01    0.16731E+01    0.92152E+02
    0.43287E+00    0.22374E+02    0.14283E+03    0.75903E-26    0.14517E+03    0.15671E+01    0.16731E+01    0.92152E+02
    0.43487E+00    0.22375E+02    0.14283E+03    0.75927E-26    0.14517E+03    0.15671E+01    0.16731E+01    0.92152E+02
    0.43687E+00    0.22376E+02    0.14284E+03    0.75950E-26    0.14518E+03    0.15671E+01    0.16731E+01    0.92152E+02
    0.43888E+00    0.22377E+02    0.14284E+03    0.75973E-26    0.14518E+03    0.15671E+01    0.16731E+01    0.92152E+02
    0.44088E+00    0.22378E+02    0.14285E+03    0.75996E-26    0.14519E+03    0.15671E+01    0.16731E+01    0.92152E+02
    0.44289E+00    0.22378E+02    0.14285E+03    0.76018E-26    0.14520E+03    0.15671E+01    0.16731E+01    0.92152E+02
    0.44489E+00    0.22379E+02    0.14286E+03    0.76040E-26    0.14520E+03    0.15670E+01    0.16731E+01    0.92152E+02
    0.44689E+00    0.22380E+02    0.14286E+03    0.76061E-26    0.14521E+03    0.15670E+01    0.16731E+01    0.92151E+02
    0.44890E+00    0.22381E+02    0.14287E+03    0.76082E-26    0.14521E+03    0.15670E+01    0.16731E+01    0.92151E+02
    0.45090E+00    0.22381E+02    0.14287E+03    0.76103E-26    0.14522E+03    0.15670E+01    0.16731E+01    0.92151E+02
    0.45291E+00    0.22382E+02    0.14288E+03    0.76123E-26    0.14522E+03    0.15670E+01    0.16731E+01    0.92151E+02
    0.45491E+00    0.22383E+02    0.14288E+03    0.76143E-26    0.14523E+03    0.15670E+01    0.16731E+01    0.92151E+02
    0.45691E+00    0.22383E+02    0.14289E+03    0.76162E-26    0.14523E+03    0.15670E+01    0.16730E+01    0.92151E+02
    0.45892E+00    0.22384E+02    0.14289E+03    0.76182E-26    0.14524E+03    0.15670E+01    0.16730E+01    0.92151E+02
    0.46092E+00    0.22385E+02    0.14290E+03    0.76200E-26    0.14524E+03    0.15670E+01    0.16730E+01    0.92151E+02
    0.46293E+00    0.22385E+02    0.14290E+03    0.76219E-26    0.14525E+03    0.15670E+01    0.16730E+01    0.92151E+02
    0.46493E+00    0.22386E+02    0.14291E+03    0.76237E-26    0.14525E+03    0.15670E+01    0.16730E+01    0.92151E+02
    0.46693E+00    0.22386E+02    0.14291E+03    0.76254E-26    0.14525E+03    0.15670E+01    0.16730E+01    0.92151E+02
    0.46894E+00    0.22387E+02    0.14292E+03    0.76272E-26    0.14526E+03    0.15670E+01    0.16730E+01    0.92151E+02
    0.47094E+00    0.22387E+02    0.14292E+03    0.76289E-26    0.14526E+03    0.15670E+01    0.16730E+01    0.92151E+02
    0.47295E+00    0.22388E+02    0.14292E+03    0.76306E-26    0.14527E+03    0.15670E+01    0.16730E+01    0.92151E+02
    0.47495E+00    0.22389E+02    0.14293E+03    0.76322E-26    0.14527E+03    0.15670E+01    0.16730E+01    0.92151E+02
    0.47695E+00    0.22389E+02    0.14293E+03    0.76338E-26    0.14527E+03    0.15670E+01    0.16730E+01    0.92151E+02
    0.47896E+00    0.22390E+02    0.14293E+03    0.76354E-26    0.14528E+03    0.15670E+01    0.16730E+01    0.92151E+02
    0.48096E+00    0.22390E+02    0.14294E+03    0.76370E-26    0.14528E+03    0.15670E+01    0.16730E+01    0.92151E+02
    0.48297E+00    0.22391E+02    0.14294E+03    0.76385E-26    0.14529E+03    0.15669E+01    0.16730E+01    0.92151E+02
    0.48497E+00    0.22391E+02    0.14295E+03    0.76400E-26    0.14529E+03    0.15669E+01    0.16730E+01    0.92151E+02
    0.48697E+00    0.22392E+02    0.14295E+03    0.76415E-26    0.14529E+03    0.15669E+01    0.16730E+01    0.92151E+02
    0.48898E+00    0.22392E+02    0.14295E+03    0.76429E-26    0.14530E+03    0.15669E+01    0.16730E+01    0.92151E+02
    0.49098E+00    0.22393E+02    0.14296E+03    0.76443E-26    0.14530E+03    0.15669E+01    0.16730E+01    0.92151E+02
    0.49299E+00    0.22393E+02    0.14296E+03    0.76457E-26    0.14530E+03    0.15669E+01    0.16730E+01    0.92151E+02
    0.49499E+00    0.22393E+02    0.14296E+03    0.76471E-26    0.14531E+03    0.15669E+01    0.16730E+01    0.92151E+02
    0.49699E+00    0.22394E+02    0.14297E+03    0.76484E-26    0.14531E+03    0.15669E+01    0.16730E+01    0.92151E+02
    0.49900E+00    0.22394E+02    0.14297E+03    0.76498E-26    0.14531E+03    0.15669E+01    0.16729E+01    0.92151E+02
    0.50100E+00    0.22395E+02    0.14297E+03    0.76511E-26    0.14532E+03    0.15669E+01    0.16729E+01    0.92151E+02
    0.50301E+00    0.22395E+02    0.14297E+03    0.76523E-26    0.14532E+03    0.15669E+01    0.16729E+01    0.92151E+02
    0.50501E+00    0.22396E+02    0.14298E+03    0.76536E-26    0.14532E+03    0.15669E+01    0.16729E+01    0.92151E+02
    0.50701E+00    0.22396E+02    0.14298E+03    0.76548E-26    0.14532E+03    0.15669E+01    0.16729E+01    0.92151E+02
    0.50902E+00    0.22396E+02    0.14298E+03    0.76560E-26    0.14533E+03    0.15669E+01    0.16729E+01    0.92151E+02
    0.51102E+00    0.22397E+02    0.14299E+03    0.76572E-26    0.14533E+03    0.15669E+01    0.16729E+01    0.92151E+02
    0.51303E+00    0.22397E+02    0.14299E+03    0.76583E-26    0.14533E+03    0.15669E+01    0.16729E+01    0.92151E+02
    0.51503E+00    0.22397E+02    0.14299E+03    0.76595E-26    0.14534E+03    0.15669E+01    0.16729E+01    0.92151E+02
    0.51703E+00    0.22398E+02    0.14299E+03    0.76606E-26    0.14534E+03    0.15669E+01    0.16729E+01    0.92151E+02
    0.51904E+00    0.22398E+02    0.14300E+03    0.76617E-26    0.14534E+03    0.15669E+01    0.16729E+01    0.92151E+02
    0.52104E+00    0.22398E+02    0.14300E+03    0.76627E-26    0.14534E+03    0.15669E+01    0.16729E+01    0.92151E+02
    0.52305E+00    0.22399E+02    0.14300E+03    0.76638E-26    0.14535E+03    0.15669E+01    0.16729E+01    0.92151E+02
    0.52505E+00    0.22399E+02    0.14300E+03    0.76648E-26    0.14535E+03    0.15669E+01    0.16729E+01    0.92151E+02
    0.52705E+00    0.22399E+02    0.14301E+03    0.76658E-26    0.14535E+03    0.15669E+01    0.16729E+01    0.92151E+02
    0.52906E+00    0.22400E+02    0.14301E+03    0.76668E-26    0.14535E+03    0.15669E+01    0.16729E+01    0.92151E+02
    0.53106E+00    0.22400E+02    0.14301E+03    0.76678E-26    0.14535E+03    0.15669E+01    0.16729E+01    0.92151E+02
    0.53307E+00    0.22400E+02    0.14301E+03    0.76688E-26    0.14536E+03    0.15669E+01    0.16729E+01    0.92151E+02
    0.53507E+00    0.22401E+02    0.14301E+03    0.76697E-26    0.14536E+03    0.15669E+01    0.16729E+01    0.92151E+02
    0.53707E+00    0.22401E+02    0.14302E+03    0.76706E-26    0.14536E+03    0.15669E+01    0.16729E+01    0.92151E+02
    0.53908E+00    0.22401E+02    0.14302E+03    0.76715E-26    0.14536E+03    0.15669E+01    0.16729E+01    0.92151E+02
    0.54108E+00    0.22401E+02    0.14302E+03    0.76724E-26    0.14537E+03    0.15668E+01    0.16729E+01    0.92151E+02
    0.54309E+00    0.22402E+02    0.14302E+03    0.76733E-26    0.14537E+03    0.15668E+01    0.16729E+01    0.92151E+02
    0.54509E+00    0.22402E+02    0.14302E+03    0.76742E-26    0.14537E+03    0.15668E+01    0.16729E+01    0.92151E+02
    0.54709E+00    0.22402E+02    0.14303E+03    0.76750E-26    0.14537E+03    0.15668E+01    0.16729E+01    0.92151E+02
    0.54910E+00    0.22403E+02    0.14303E+03    0.76758E-26    0.14537E+03    0.15668E+01    0.16729E+01    0.92151E+02
    0.55110E+00    0.22403E+02    0.14303E+03    0.76766E-26    0.14538E+03    0.15668E+01    0.16729E+01    0.92151E+02
    0.55311E+00    0.22403E+02    0.14303E+03    0.76774E-26    0.14538E+03    0.15668E+01    0.16729E+01    0.92151E+02
    0.55511E+00    0.22403E+02    0.14303E+03    0.76782E-26    0.14538E+03    0.15668E+01    0.16729E+01    0.92151E+02
    0.55711E+00    0.22404E+02    0.14303E+03    0.76790E-26    0.14538E+03    0.15668E+01    0.16729E+01    0.92151E+02
    0.55912E+00    0.22404E+02    0.14304E+03    0.76797E-26    0.14538E+03    0.15668E+01    0.16729E+01    0.92151E+02
    0.56112E+00    0.22404E+02    0.14304E+03    0.76805E-26    0.14538E+03    0.15668E+01    0.16729E+01    0.92151E+02
    0.56313E+00    0.22404E+02    0.14304E+03    0.76812E-26    0.14539E+03    0.15668E+01    0.16729E+01    0.92151E+02
    0.56513E+00    0.22404E+02    0.14304E+03    0.76819E-26    0.14539E+03    0.15668E+01    0.16729E+01    0.92151E+02
    0.56713E+00    0.22405E+02    0.14304E+03    0.76826E-26    0.14539E+03    0.15668E+01    0.16728E+01    0.92151E+02
    0.56914E+00    0.22405E+02    0.14304E+03    0.76833E-26    0.14539E+03    0.15668E+01    0.16728E+01    0.92151E+02
    0.57114E+00    0.22405E+02    0.14305E+03    0.76840E-26    0.14539E+03    0.15668E+01    0.16728E+01    0.92151E+02
    0.57315E+00    0.22405E+02    0.14305E+03    0.76847E-26    0.14539E+03    0.15668E+01    0.16728E+01    0.92151E+02
    0.57515E+00    0.22405E+02    0.14305E+03    0.76853E-26    0.14539E+03    0.15668E+01    0.16728E+01    0.92151E+02
    0.57715E+00    0.22406E+02    0.14305E+03    0.76859E-26    0.14540E+03    0.15668E+01    0.16728E+01    0.92151E+02
    0.57916E+00    0.22406E+02    0.14305E+03    0.76866E-26    0.14540E+03    0.15668E+01    0.16728E+01    0.92151E+02
    0.58116E+00    0.22406E+02    0.14305E+03    0.76872E-26    0.14540E+03    0.15668E+01    0.16728E+01    0.92151E+02
    0.58317E+00    0.22406E+02    0.14305E+03    0.76878E-26    0.14540E+03    0.15668E+01    0.16728E+01    0.92151E+02
    0.58517E+00    0.22406E+02    0.14306E+03    0.76884E-26    0.14540E+03    0.15668E+01    0.16728E+01    0.92151E+02
    0.58717E+00    0.22407E+02    0.14306E+03    0.76890E-26    0.14540E+03    0.15668E+01    0.16728E+01    0.92151E+02
    0.58918E+00    0.22407E+02    0.14306E+03    0.76895E-26    0.14540E+03    0.15668E+01    0.16728E+01    0.92151E+02
    0.59118E+00    0.22407E+02    0.14306E+03    0.76901E-26    0.14541E+03    0.15668E+01    0.16728E+01    0.92151E+02
    0.59319E+00    0.22407E+02    0.14306E+03    0.76906E-26    0.14541E+03    0.15668E+01    0.16728E+01    0.92151E+02
    0.59519E+00    0.22407E+02    0.14306E+03    0.76912E-26    0.14541E+03    0.15668E+01    0.16728E+01    0.92151E+02
    0.59719E+00    0.22407E+02    0.14306E+03    0.76917E-26    0.14541E+03    0.15668E+01    0.16728E+01    0.92151E+02
    0.59920E+00    0.22408E+02    0.14306E+03    0.76922E-26    0.14541E+03    0.15668E+01    0.16728E+01    0.92151E+02
    0.60120E+00    0.22408E+02    0.14307E+03    0.76927E-26    0.14541E+03    0.15668E+01    0.16728E+01    0.92151E+02
    0.60321E+00    0.22408E+02    0.14307E+03    0.76932E-26    0.14541E+03    0.15668E+01    0.16728E+01    0.92151E+02
    0.60521E+00    0.22408E+02    0.14307E+03    0.76937E-26    0.14541E+03    0.15668E+01    0.16728E+01    0.92151E+02
    0.60721E+00    0.22408E+02    0.14307E+03    0.76942E-26    0.14541E+03    0.15668E+01    0.16728E+01    0.92151E+02
    0.60922E+00    0.22408E+02    0.14307E+03    0.76947E-26    0.14542E+03    0.15668E+01    0.16728E+01    0.92151E+02
    0.61122E+00    0.22408E+02    0.14307E+03    0.76952E-26    0.14542E+03    0.15668E+01    0.16728E+01    0.92151E+02
    0.61323E+00    0.22409E+02    0.14307E+03    0.76956E-26    0.14542E+03    0.15668E+01    0.16728E+01    0.92151E+02
    0.61523E+00    0.22409E+02    0.14307E+03    0.76961E-26    0.14542E+03    0.15668E+01    0.16728E+01    0.92150E+02
    0.61723E+00    0.22409E+02    0.14307E+03    0.76965E-26    0.14542E+03    0.15668E+01    0.16728E+01    0.92150E+02
    0.61924E+00    0.22409E+02    0.14307E+03    0.76969E-26    0.14542E+03    0.15668E+01    0.16728E+01    0.92150E+02
    0.62124E+00    0.22409E+02    0.14308E+03    0.76974E-26    0.14542E+03    0.15668E+01    0.16728E+01    0.92150E+02
    0.62325E+00    0.22409E+02    0.14308E+03    0.76978E-26    0.14542E+03    0.15668E+01    0.16728E+01    0.92150E+02
    0.62525E+00    0.22409E+02    0.14308E+03    0.76982E-26    0.14542E+03    0.15668E+01    0.16728E+01    0.92150E+02
    0.62725E+00    0.22409E+02    0.14308E+03    0.76986E-26    0.14542E+03    0.15668E+01    0.16728E+01    0.92150E+02
    0.62926E+00    0.22410E+02    0.14308E+03    0.76990E-26    0.14543E+03    0.15668E+01    0.16728E+01    0.92150E+02
    0.63126E+00    0.22410E+02    0.14308E+03    0.76994E-26    0.14543E+03    0.15668E+01    0.16728E+01    0.92150E+02
    0.63327E+00    0.22410E+02    0.14308E+03    0.76997E-26    0.14543E+03    0.15668E+01    0.16728E+01    0.92150E+02
    0.63527E+00    0.22410E+02    0.14308E+03    0.77001E-26    0.14543E+03    0.15668E+01    0.16728E+01    0.92150E+02
    0.63727E+00    0.22410E+02    0.14308E+03    0.77005E-26    0.14543E+03    0.15668E+01    0.16728E+01    0.92150E+02
    0.63928E+00    0.22410E+02    0.14308E+03    0.77008E-26    0.14543E+03    0.15668E+01    0.16728E+01    0.92150E+02
    0.64128E+00    0.22410E+02    0.14308E+03    0.77012E-26    0.14543E+03    0.15668E+01    0.16728E+01    0.92150E+02
    0.64329E+00    0.22410E+02    0.14308E+03    0.77015E-26    0.14543E+03    0.15668E+01    0.16728E+01    0.92150E+02
    0.64529E+00    0.22410E+02    0.14309E+03    0.77019E-26    0.14543E+03    0.15668E+01    0.16728E+01    0.92150E+02
    0.64729E+00    0.22411E+02    0.14309E+03    0.77022E-26    0.14543E+03    0.15668E+01    0.16728E+01    0.92150E+02
    0.64930E+00    0.22411E+02    0.14309E+03    0.77025E-26    0.14543E+03    0.15668E+01    0.16728E+01    0.92150E+02
    0.65130E+00    0.22411E+02    0.14309E+03    0.77029E-26    0.14543E+03    0.15668E+01    0.16728E+01    0.92150E+02
    0.65331E+00    0.22411E+02    0.14309E+03    0.77032E-26    0.14543E+03    0.15668E+01    0.16728E+01    0.92150E+02
    0.65531E+00    0.22411E+02    0.14309E+03    0.77035E-26    0.14543E+03    0.15668E+01    0.16728E+01    0.92150E+02
    0.65731E+00    0.22411E+02    0.14309E+03    0.77038E-26    0.14544E+03    0.15668E+01    0.16728E+01    0.92150E+02
    0.65932E+00    0.22411E+02    0.14309E+03    0.77041E-26    0.14544E+03    0.15668E+01    0.16728E+01    0.92150E+02
    0.66132E+00    0.22411E+02    0.14309E+03    0.77044E-26    0.14544E+03    0.15668E+01    0.16728E+01    0.92150E+02
    0.66333E+00    0.22411E+02    0.14309E+03    0.77047E-26    0.14544E+03    0.15668E+01    0.16728E+01    0.92150E+02
    0.66533E+00    0.22411E+02    0.14309E+03    0.77050E-26    0.14544E+03    0.15668E+01    0.16728E+01    0.92150E+02
    0.66733E+00    0.22411E+02    0.14309E+03    0.77052E-26    0.14544E+03    0.15668E+01    0.16728E+01    0.92150E+02
    0.66934E+00    0.22412E+02    0.14309E+03    0.77055E-26    0.14544E+03    0.15668E+01    0.16728E+01    0.92150E+02
    0.67134E+00    0.22412E+02    0.14309E+03    0.77058E-26    0.14544E+03    0.15668E+01    0.16728E+01    0.92150E+02
    0.67335E+00    0.22412E+02    0.14309E+03    0.77060E-26    0.14544E+03    0.15668E+01    0.16728E+01    0.92150E+02
    0.67535E+00    0.22412E+02    0.14309E+03    0.77063E-26    0.14544E+03    0.15668E+01    0.16728E+01    0.92150E+02
    0.67735E+00    0.22412E+02    0.14310E+03    0.77065E-26    0.14544E+03    0.15668E+01    0.16728E+01    0.92150E+02
    0.67936E+00    0.22412E+02    0.14310E+03    0.77068E-26    0.14544E+03    0.15667E+01    0.16728E+01    0.92150E+02
    0.68136E+00    0.22412E+02    0.14310E+03    0.77070E-26    0.14544E+03    0.15667E+01    0.16728E+01    0.92150E+02
    0.68337E+00    0.22412E+02    0.14310E+03    0.77073E-26    0.14544E+03    0.15667E+01    0.16728E+01    0.92150E+02
    0.68537E+00    0.22412E+02    0.14310E+03    0.77075E-26    0.14544E+03    0.15667E+01    0.16728E+01    0.92150E+02
    0.68737E+00    0.22412E+02    0.14310E+03    0.77077E-26    0.14544E+03    0.15667E+01    0.16728E+01    0.92150E+02
    0.68938E+00    0.22412E+02    0.14310E+03    0.77080E-26    0.14544E+03    0.15667E+01    0.16728E+01    0.92150E+02
    0.69138E+00    0.22412E+02    0.14310E+03    0.77082E-26    0.14545E+03    0.15667E+01    0.16728E+01    0.92150E+02
    0.69339E+00    0.22412E+02    0.14310E+03    0.77084E-26    0.14545E+03    0.15667E+01    0.16728E+01    0.92150E+02
    0.69539E+00    0.22412E+02    0.14310E+03    0.77086E-26    0.14545E+03    0.15667E+01    0.16728E+01    0.92150E+02
    0.69739E+00    0.22412E+02    0.14310E+03    0.77088E-26    0.14545E+03    0.15667E+01    0.16728E+01    0.92150E+02
    0.69940E+00    0.22413E+02    0.14310E+03    0.77090E-26    0.14545E+03    0.15667E+01    0.16728E+01    0.92150E+02
    0.70140E+00    0.22413E+02    0.14310E+03    0.77092E-26    0.14545E+03    0.15667E+01    0.16728E+01    0.92150E+02
    0.70341E+00    0.22413E+02    0.14310E+03    0.77094E-26    0.14545E+03    0.15667E+01    0.16728E+01    0.92150E+02
    0.70541E+00    0.22413E+02    0.14310E+03    0.77096E-26    0.14545E+03    0.15667E+01    0.16728E+01    0.92150E+02
    0.70741E+00    0.22413E+02    0.14310E+03    0.77098E-26    0.14545E+03    0.15667E+01    0.16728E+01    0.92150E+02
    0.70942E+00    0.22413E+02    0.14310E+03    0.77100E-26    0.14545E+03    0.15667E+01    0.16728E+01    0.92150E+02
    0.71142E+00    0.22413E+02    0.14310E+03    0.77102E-26    0.14545E+03    0.15667E+01    0.16728E+01    0.92150E+02
    0.71343E+00    0.22413E+02    0.14310E+03    0.77104E-26    0.14545E+03    0.15667E+01    0.16728E+01    0.92150E+02
    0.71543E+00    0.22413E+02    0.14310E+03    0.77106E-26    0.14545E+03    0.15667E+01    0.16728E+01    0.92150E+02
    0.71743E+00    0.22413E+02    0.14310E+03    0.77107E-26    0.14545E+03    0.15667E+01    0.16728E+01    0.92150E+02
    0.71944E+00    0.22413E+02    0.14310E+03    0.77109E-26    0.14545E+03    0.15667E+01    0.16728E+01    0.92150E+02
    0.72144E+00    0.22413E+02    0.14310E+03    0.77111E-26    0.14545E+03    0.15667E+01    0.16728E+01    0.92150E+02
    0.72345E+00    0.22413E+02    0.14311E+03    0.77112E-26    0.14545E+03    0.15667E+01    0.16728E+01    0.92150E+02
    0.72545E+00    0.22413E+02    0.14311E+03    0.77114E-26    0.14545E+03    0.15667E+01    0.16728E+01    0.92150E+02
    0.72745E+00    0.22413E+02    0.14311E+03    0.77116E-26    0.14545E+03    0.15667E+01    0.16728E+01    0.92150E+02
    0.72946E+00    0.22413E+02    0.14311E+03    0.77117E-26    0.14545E+03    0.15667E+01    0.16728E+01    0.92150E+02
    0.73146E+00    0.22413E+02    0.14311E+03    0.77119E-26    0.14545E+03    0.15667E+01    0.16728E+01    0.92150E+02
    0.73347E+00    0.22413E+02    0.14311E+03    0.77120E-26    0.14545E+03    0.15667E+01    0.16728E+01    0.92150E+02
    0.73547E+00    0.22413E+02    0.14311E+03    0.77122E-26    0.14545E+03    0.15667E+01    0.16728E+01    0.92150E+02
    0.73747E+00    0.22414E+02    0.14311E+03    0.77123E-26    0.14545E+03    0.15667E+01    0.16728E+01    0.92150E+02
    0.73948E+00    0.22414E+02    0.14311E+03    0.77124E-26    0.14545E+03    0.15667E+01    0.16728E+01    0.92150E+02
    0.74148E+00    0.22414E+02    0.14311E+03    0.77126E-26    0.14546E+03    0.15667E+01    0.16728E+01    0.92150E+02
    0.74349E+00    0.22414E+02    0.14311E+03    0.77127E-26    0.14546E+03    0.15667E+01    0.16728E+01    0.92150E+02
    0.74549E+00    0.22414E+02    0.14311E+03    0.77129E-26    0.14546E+03    0.15667E+01    0.16728E+01    0.92150E+02
    0.74749E+00    0.22414E+02    0.14311E+03    0.77130E-26    0.14546E+03    0.15667E+01    0.16728E+01    0.92150E+02
    0.74950E+00    0.22414E+02    0.14311E+03    0.77131E-26    0.14546E+03    0.15667E+01    0.16728E+01    0.92150E+02
    0.75150E+00    0.22414E+02    0.14311E+03    0.77133E-26    0.14546E+03    0.15667E+01    0.16728E+01    0.92150E+02
    0.75351E+00    0.22414E+02    0.14311E+03    0.77134E-26    0.14546E+03    0.15667E+01    0.16728E+01    0.92150E+02
    0.75551E+00    0.22414E+02    0.14311E+03    0.77135E-26    0.14546E+03    0.15667E+01    0.16728E+01    0.92150E+02
    0.75752E+00    0.22414E+02    0.14311E+03    0.77136E-26    0.14546E+03    0.15667E+01    0.16728E+01    0.92150E+02
    0.75952E+00    0.22414E+02    0.14311E+03    0.77137E-26    0.14546E+03    0.15667E+01    0.16728E+01    0.92150E+02
    0.76152E+00    0.22414E+02    0.14311E+03    0.77139E-26    0.14546E+03    0.15667E+01    0.16728E+01    0.92150E+02
    0.76353E+00    0.22414E+02    0.14311E+03    0.77140E-26    0.14546E+03    0.15667E+01    0.16728E+01    0.92150E+02
    0.76553E+00    0.22414E+02    0.14311E+03    0.77141E-26    0.14546E+03    0.15667E+01    0.16728E+01    0.92150E+02
    0.76754E+00    0.22414E+02    0.14311E+03    0.77142E-26    0.14546E+03    0.15667E+01    0.16728E+01    0.92150E+02
    0.76954E+00    0.22414E+02    0.14311E+03    0.77143E-26    0.14546E+03    0.15667E+01    0.16728E+01    0.92150E+02
    0.77154E+00    0.22414E+02    0.14311E+03    0.77144E-26    0.14546E+03    0.15667E+01    0.16728E+01    0.92150E+02
    0.77355E+00    0.22414E+02    0.14311E+03    0.77145E-26    0.14546E+03    0.15667E+01    0.16728E+01    0.92150E+02
    0.77555E+00    0.22414E+02    0.14311E+03    0.77146E-26    0.14546E+03    0.15667E+01    0.16728E+01    0.92150E+02
    0.77756E+00    0.22414E+02    0.14311E+03    0.77147E-26    0.14546E+03    0.15667E+01    0.16728E+01    0.92150E+02
    0.77956E+00    0.22414E+02    0.14311E+03    0.77148E-26    0.14546E+03    0.15667E+01    0.16728E+01    0.92150E+02
    0.78156E+00    0.22414E+02    0.14311E+03    0.77149E-26    0.14546E+03    0.15667E+01    0.16728E+01    0.92150E+02
    0.78357E+00    0.22414E+02    0.14311E+03    0.77150E-26    0.14546E+03    0.15667E+01    0.16728E+01    0.92150E+02
    0.78557E+00    0.22414E+02    0.14311E+03    0.77151E-26    0.14546E+03    0.15667E+01    0.16728E+01    0.92150E+02
    0.78758E+00    0.22414E+02    0.14311E+03    0.77152E-26    0.14546E+03    0.15667E+01    0.16728E+01    0.92150E+02
    0.78958E+00    0.22414E+02    0.14311E+03    0.77153E-26    0.14546E+03    0.15667E+01    0.16728E+01    0.92150E+02
    0.79158E+00    0.22414E+02    0.14311E+03    0.77154E-26    0.14546E+03    0.15667E+01    0.16728E+01    0.92150E+02
    0.79359E+00    0.22415E+02    0.14311E+03    0.77154E-26    0.14546E+03    0.15667E+01    0.16728E+01    0.92150E+02
    0.79559E+00    0.22415E+02    0.14311E+03    0.77155E-26    0.14546E+03    0.15667E+01    0.16728E+01    0.92150E+02
    0.79760E+00    0.22415E+02    0.14312E+03    0.77156E-26    0.14546E+03    0.15667E+01    0.16728E+01    0.92150E+02
    0.79960E+00    0.22415E+02    0.14312E+03    0.77157E-26    0.14546E+03    0.15667E+01    0.16728E+01    0.92150E+02
    0.80160E+00    0.22415E+02    0.14312E+03    0.77158E-26    0.14546E+03    0.15667E+01    0.16728E+01    0.92150E+02
    0.80361E+00    0.22415E+02    0.14312E+03    0.77159E-26    0.14546E+03    0.15667E+01    0.16728E+01    0.92150E+02
    0.80561E+00    0.22415E+02    0.14312E+03    0.77159E-26    0.14546E+03    0.15667E+01    0.16728E+01    0.92150E+02
    0.80762E+00    0.22415E+02    0.14312E+03    0.77160E-26    0.14546E+03    0.15667E+01    0.16728E+01    0.92150E+02
    0.80962E+00    0.22415E+02    0.14312E+03    0.77161E-26    0.14546E+03    0.15667E+01    0.16728E+01    0.92150E+02
    0.81162E+00    0.22415E+02    0.14312E+03    0.77162E-26    0.14546E+03    0.15667E+01    0.16728E+01    0.92150E+02
    0.81363E+00    0.22415E+02    0.14312E+03    0.77162E-26    0.14546E+03    0.15667E+01    0.16728E+01    0.92150E+02
    0.81563E+00    0.22415E+02    0.14312E+03    0.77163E-26    0.14546E+03    0.15667E+01    0.16728E+01    0.92150E+02
    0.81764E+00    0.22415E+02    0.14312E+03    0.77164E-26    0.14546E+03    0.15667E+01    0.16728E+01    0.92150E+02
    0.81964E+00    0.22415E+02    0.14312E+03    0.77164E-26    0.14546E+03    0.15667E+01    0.16728E+01    0.92150E+02
    0.82164E+00    0.22415E+02    0.14312E+03    0.77165E-26    0.14546E+03    0.15667E+01    0.16727E+01    0.92150E+02
    0.82365E+00    0.22415E+02    0.14312E+03    0.77166E-26    0.14546E+03    0.15667E+01    0.16727E+01    0.92150E+02
    0.82565E+00    0.22415E+02    0.14312E+03    0.77166E-26    0.14546E+03    0.15667E+01    0.16727E+01    0.92150E+02
    0.82766E+00    0.22415E+02    0.14312E+03    0.77167E-26    0.14546E+03    0.15667E+01    0.16727E+01    0.92150E+02
    0.82966E+00    0.22415E+02    0.14312E+03    0.77168E-26    0.14546E+03    0.15667E+01    0.16727E+01    0.92150E+02
    0.83166E+00    0.22415E+02    0.14312E+03    0.77168E-26    0.14546E+03    0.15667E+01    0.16727E+01    0.92150E+02
    0.83367E+00    0.22415E+02    0.14312E+03    0.77169E-26    0.14547E+03    0.15667E+01    0.16727E+01    0.92150E+02
    0.83567E+00    0.22415E+02    0.14312E+03    0.77169E-26    0.14547E+03    0.15667E+01    0.16727E+01    0.92150E+02
    0.83768E+00    0.22415E+02    0.14312E+03    0.77170E-26    0.14547E+03    0.15667E+01    0.16727E+01    0.92150E+02
    0.83968E+00    0.22415E+02    0.14312E+03    0.77171E-26    0.14547E+03    0.15667E+01    0.16727E+01    0.92150E+02
    0.84168E+00    0.22415E+02    0.14312E+03    0.77171E-26    0.14547E+03    0.15667E+01    0.16727E+01    0.92150E+02
    0.84369E+00    0.22415E+02    0.14312E+03    0.77172E-26    0.14547E+03    0.15667E+01    0.16727E+01    0.92150E+02
    0.84569E+00    0.22415E+02    0.14312E+03    0.77172E-26    0.14547E+03    0.15667E+01    0.16727E+01    0.92150E+02
    0.84770E+00    0.22415E+02    0.14312E+03    0.77173E-26    0.14547E+03    0.15667E+01    0.16727E+01    0.92150E+02
    0.84970E+00    0.22415E+02    0.14312E+03    0.77173E-26    0.14547E+03    0.15667E+01    0.16727E+01    0.92150E+02
    0.85170E+00    0.22415E+02    0.14312E+03    0.77174E-26    0.14547E+03    0.15667E+01    0.16727E+01    0.92150E+02
    0.85371E+00    0.22415E+02    0.14312E+03    0.77174E-26    0.14547E+03    0.15667E+01    0.16727E+01    0.92150E+02
    0.85571E+00    0.22415E+02    0.14312E+03    0.77175E-26    0.14547E+03    0.15667E+01    0.16727E+01    0.92150E+02
    0.85772E+00    0.22415E+02    0.14312E+03    0.77175E-26    0.14547E+03    0.15667E+01    0.16727E+01    0.92150E+02
    0.85972E+00    0.22415E+02    0.14312E+03    0.77176E-26    0.14547E+03    0.15667E+01    0.16727E+01    0.92150E+02
    0.86172E+00    0.22415E+02    0.14312E+03    0.77176E-26    0.14547E+03    0.15667E+01    0.16727E+01    0.92150E+02
    0.86373E+00    0.22415E+02    0.14312E+03    0.77177E-26    0.14547E+03    0.15667E+01    0.16727E+01    0.92150E+02
    0.86573E+00    0.22415E+02    0.14312E+03    0.77177E-26    0.14547E+03    0.15667E+01    0.16727E+01    0.92150E+02
    0.86774E+00    0.22415E+02    0.14312E+03    0.77178E-26    0.14547E+03    0.15667E+01    0.16727E+01    0.92150E+02
    0.86974E+00    0.22415E+02    0.14312E+03    0.77178E-26    0.14547E+03    0.15667E+01    0.16727E+01    0.92150E+02
    0.87174E+00    0.22415E+02    0.14312E+03    0.77178E-26    0.14547E+03    0.15667E+01    0.16727E+01    0.92150E+02
    0.87375E+00    0.22415E+02    0.14312E+03    0.77179E-26    0.14547E+03    0.15667E+01    0.16727E+01    0.92150E+02
    0.87575E+00    0.22415E+02    0.14312E+03    0.77179E-26    0.14547E+03    0.15667E+01    0.16727E+01    0.92150E+02
    0.87776E+00    0.22415E+02    0.14312E+03    0.77180E-26    0.14547E+03    0.15667E+01    0.16727E+01    0.92150E+02
    0.87976E+00    0.22415E+02    0.14312E+03    0.77180E-26    0.14547E+03    0.15667E+01    0.16727E+01    0.92150E+02
    0.88176E+00    0.22415E+02    0.14312E+03    0.77180E-26    0.14547E+03    0.15667E+01    0.16727E+01    0.92150E+02
    0.88377E+00    0.22415E+02    0.14312E+03    0.77181E-26    0.14547E+03    0.15667E+01    0.16727E+01    0.92150E+02
    0.88577E+00    0.22415E+02    0.14312E+03    0.77181E-26    0.14547E+03    0.15667E+01    0.16727E+01    0.92150E+02
    0.88778E+00    0.22415E+02    0.14312E+03    0.77181E-26    0.14547E+03    0.15667E+01    0.16727E+01    0.92150E+02
    0.88978E+00    0.22415E+02    0.14312E+03    0.77182E-26    0.14547E+03    0.15667E+01    0.16727E+01    0.92150E+02
    0.89178E+00    0.22415E+02    0.14312E+03    0.77182E-26    0.14547E+03    0.15667E+01    0.16727E+01    0.92150E+02
    0.89379E+00    0.22415E+02    0.14312E+03    0.77183E-26    0.14547E+03    0.15667E+01    0.16727E+01    0.92150E+02
    0.89579E+00    0.22415E+02    0.14312E+03    0.77183E-26    0.14547E+03    0.15667E+01    0.16727E+01    0.92150E+02
    0.89780E+00    0.22415E+02    0.14312E+03    0.77183E-26    0.14547E+03    0.15667E+01    0.16727E+01    0.92150E+02
    0.89980E+00    0.22416E+02    0.14312E+03    0.77184E-26    0.14547E+03    0.15667E+01    0.16727E+01    0.92150E+02
    0.90180E+00    0.22416E+02    0.14312E+03    0.77184E-26    0.14547E+03    0.15667E+01    0.16727E+01    0.92150E+02
    0.90381E+00    0.22416E+02    0.14312E+03    0.77184E-26    0.14547E+03    0.15667E+01    0.16727E+01    0.92150E+02
    0.90581E+00    0.22416E+02    0.14312E+03    0.77184E-26    0.14547E+03    0.15667E+01    0.16727E+01    0.92150E+02
    0.90782E+00    0.22416E+02    0.14312E+03    0.77185E-26    0.14547E+03    0.15667E+01    0.16727E+01    0.92150E+02
    0.90982E+00    0.22416E+02    0.14312E+03    0.77185E-26    0.14547E+03    0.15667E+01    0.16727E+01    0.92150E+02
    0.91182E+00    0.22416E+02    0.14312E+03    0.77185E-26    0.14547E+03    0.15667E+01    0.16727E+01    0.92150E+02
    0.91383E+00    0.22416E+02    0.14312E+03    0.77186E-26    0.14547E+03    0.15667E+01    0.16727E+01    0.92150E+02
    0.91583E+00    0.22416E+02    0.14312E+03    0.77186E-26    0.14547E+03    0.15667E+01    0.16727E+01    0.92150E+02
    0.91784E+00    0.22416E+02    0.14312E+03    0.77186E-26    0.14547E+03    0.15667E+01    0.16727E+01    0.92150E+02
    0.91984E+00    0.22416E+02    0.14312E+03    0.77186E-26    0.14547E+03    0.15667E+01    0.16727E+01    0.92150E+02
    0.92184E+00    0.22416E+02    0.14312E+03    0.77187E-26    0.14547E+03    0.15667E+01    0.16727E+01    0.92150E+02
    0.92385E+00    0.22416E+02    0.14312E+03    0.77187E-26    0.14547E+03    0.15667E+01    0.16727E+01    0.92150E+02
    0.92585E+00    0.22416E+02    0.14312E+03    0.77187E-26    0.14547E+03    0.15667E+01    0.16727E+01    0.92150E+02
    0.92786E+00    0.22416E+02    0.14312E+03    0.77188E-26    0.14547E+03    0.15667E+01    0.16727E+01    0.92150E+02
    0.92986E+00    0.22416E+02    0.14312E+03    0.77188E-26    0.14547E+03    0.15667E+01    0.16727E+01    0.92150E+02
    0.93186E+00    0.22416E+02    0.14312E+03    0.77188E-26    0.14547E+03    0.15667E+01    0.16727E+01    0.92150E+02
    0.93387E+00    0.22416E+02    0.14312E+03    0.77188E-26    0.14547E+03    0.15667E+01    0.16727E+01    0.92150E+02
    0.93587E+00    0.22416E+02    0.14312E+03    0.77188E-26    0.14547E+03    0.15667E+01    0.16727E+01    0.92150E+02
    0.93788E+00    0.22416E+02    0.14312E+03    0.77189E-26    0.14547E+03    0.15667E+01    0.16727E+01    0.92150E+02
    0.93988E+00    0.22416E+02    0.14312E+03    0.77189E-26    0.14547E+03    0.15667E+01    0.16727E+01    0.92150E+02
    0.94188E+00    0.22416E+02    0.14312E+03    0.77189E-26    0.14547E+03    0.15667E+01    0.16727E+01    0.92150E+02
    0.94389E+00    0.22416E+02    0.14312E+03    0.77189E-26    0.14547E+03    0.15667E+01    0.16727E+01    0.92150E+02
    0.94589E+00    0.22416E+02    0.14312E+03    0.77190E-26    0.14547E+03    0.15667E+01    0.16727E+01    0.92150E+02
    0.94790E+00    0.22416E+02    0.14312E+03    0.77190E-26    0.14547E+03    0.15667E+01    0.16727E+01    0.92150E+02
    0.94990E+00    0.22416E+02    0.14312E+03    0.77190E-26    0.14547E+03    0.15667E+01    0.16727E+01    0.92150E+02
    0.95190E+00    0.22416E+02    0.14312E+03    0.77190E-26    0.14547E+03    0.15667E+01    0.16727E+01    0.92150E+02
    0.95391E+00    0.22416E+02    0.14312E+03    0.77190E-26    0.14547E+03    0.15667E+01    0.16727E+01    0.92150E+02
    0.95591E+00    0.22416E+02    0.14312E+03    0.77191E-26    0.14547E+03    0.15667E+01    0.16727E+01    0.92150E+02
    0.95792E+00    0.22416E+02    0.14312E+03    0.77191E-26    0.14547E+03    0.15667E+01    0.16727E+01    0.92150E+02
    0.95992E+00    0.22416E+02    0.14312E+03    0.77191E-26    0.14547E+03    0.15667E+01    0.16727E+01    0.92150E+02
    0.96192E+00    0.22416E+02    0.14312E+03    0.77191E-26    0.14547E+03    0.15667E+01    0.16727E+01    0.92150E+02
    0.96393E+00    0.22416E+02    0.14312E+03    0.77191E-26    0.14547E+03    0.15667E+01    0.16727E+01    0.92150E+02
    0.96593E+00    0.22416E+02    0.14312E+03    0.77192E-26    0.14547E+03    0.15667E+01    0.16727E+01    0.92150E+02
    0.96794E+00    0.22416E+02    0.14312E+03    0.77192E-26    0.14547E+03    0.15667E+01    0.16727E+01    0.92150E+02
    0.96994E+00    0.22416E+02    0.14312E+03    0.77192E-26    0.14547E+03    0.15667E+01    0.16727E+01    0.92150E+02
    0.97194E+00    0.22416E+02    0.14312E+03    0.77192E-26    0.14547E+03    0.15667E+01    0.16727E+01    0.92150E+02
    0.97395E+00    0.22416E+02    0.14312E+03    0.77192E-26    0.14547E+03    0.15667E+01    0.16727E+01    0.92150E+02
    0.97595E+00    0.22416E+02    0.14312E+03    0.77192E-26    0.14547E+03    0.15667E+01    0.16727E+01    0.92150E+02
    0.97796E+00    0.22416E+02    0.14312E+03    0.77193E-26    0.14547E+03    0.15667E+01    0.16727E+01    0.92150E+02
    0.97996E+00    0.22416E+02    0.14312E+03    0.77193E-26    0.14547E+03    0.15667E+01    0.16727E+01    0.92150E+02
    0.98196E+00    0.22416E+02    0.14312E+03    0.77193E-26    0.14547E+03    0.15667E+01    0.16727E+01    0.92150E+02
    0.98397E+00    0.22416E+02    0.14312E+03    0.77193E-26    0.14547E+03    0.15667E+01    0.16727E+01    0.92150E+02
    0.98597E+00    0.22416E+02    0.14312E+03    0.77193E-26    0.14547E+03    0.15667E+01    0.16727E+01    0.92150E+02
    0.98798E+00    0.22416E+02    0.14312E+03    0.77193E-26    0.14547E+03    0.15667E+01    0.16727E+01    0.92150E+02
    0.98998E+00    0.22416E+02    0.14312E+03    0.77193E-26    0.14547E+03    0.15667E+01    0.16727E+01    0.92150E+02
    0.99198E+00    0.22416E+02    0.14312E+03    0.77194E-26    0.14547E+03    0.15667E+01    0.16727E+01    0.92150E+02
    0.99399E+00    0.22416E+02    0.14312E+03    0.77194E-26    0.14547E+03    0.15667E+01    0.16727E+01    0.92150E+02
    0.99599E+00    0.22416E+02    0.14312E+03    0.77194E-26    0.14547E+03    0.15667E+01    0.16727E+01    0.92150E+02
    0.99800E+00    0.22416E+02    0.14312E+03    0.77194E-26    0.14547E+03    0.15667E+01    0.16727E+01    0.92150E+02
    0.10000E+01    0.22416E+02    0.14312E+03    0.77194E-26    0.14547E+03    0.15667E+01    0.16727E+01    0.92150E+02
 #Jsc:   145.472082115340      W/Vm^{2}
 #Vmax:   1.56671371608973      V
 #Voc:   1.67274170070887      V
 #fr:   1.00000000000000     
 #SLME-max   22.4159603687474      %
 #Thickness:   1.00000000000000      micro m
 #FF   92.1502455392226      %
