 # thickness,pce,jmax,j0,jsc,vmax,voc,ff
    0.00000E+00    0.00000E+00    0.00000E+00    0.00000E+00    0.00000E+00    0.15356E+01    0.15356E+01            NaN
    0.20040E-02    0.17088E+01    0.11717E+02    0.44975E-25    0.11923E+02    0.14590E+01    0.15632E+01    0.91717E+02
    0.40080E-02    0.32715E+01    0.22443E+02    0.88783E-25    0.22838E+02    0.14582E+01    0.15624E+01    0.91714E+02
    0.60120E-02    0.47025E+01    0.32276E+02    0.13145E-24    0.32845E+02    0.14575E+01    0.15617E+01    0.91711E+02
    0.80160E-02    0.60150E+01    0.41304E+02    0.17302E-24    0.42033E+02    0.14568E+01    0.15609E+01    0.91708E+02
    0.10020E-01    0.72205E+01    0.49606E+02    0.21350E-24    0.50481E+02    0.14561E+01    0.15603E+01    0.91705E+02
    0.12024E-01    0.83294E+01    0.57250E+02    0.25294E-24    0.58260E+02    0.14554E+01    0.15596E+01    0.91702E+02
    0.14028E-01    0.93508E+01    0.64298E+02    0.29135E-24    0.65434E+02    0.14548E+01    0.15589E+01    0.91699E+02
    0.16032E-01    0.10293E+02    0.70807E+02    0.32877E-24    0.72058E+02    0.14542E+01    0.15583E+01    0.91697E+02
    0.18036E-01    0.11163E+02    0.76826E+02    0.36522E-24    0.78184E+02    0.14536E+01    0.15577E+01    0.91694E+02
    0.20040E-01    0.11968E+02    0.82399E+02    0.40073E-24    0.83856E+02    0.14530E+01    0.15571E+01    0.91692E+02
    0.22044E-01    0.12714E+02    0.87566E+02    0.43531E-24    0.89115E+02    0.14524E+01    0.15566E+01    0.91689E+02
    0.24048E-01    0.13406E+02    0.92364E+02    0.46901E-24    0.93998E+02    0.14519E+01    0.15560E+01    0.91687E+02
    0.26052E-01    0.14048E+02    0.96824E+02    0.50183E-24    0.98538E+02    0.14514E+01    0.15555E+01    0.91685E+02
    0.28056E-01    0.14645E+02    0.10097E+03    0.53380E-24    0.10276E+03    0.14509E+01    0.15550E+01    0.91683E+02
    0.30060E-01    0.15201E+02    0.10484E+03    0.56494E-24    0.10670E+03    0.14504E+01    0.15545E+01    0.91681E+02
    0.32064E-01    0.15720E+02    0.10845E+03    0.59529E-24    0.11038E+03    0.14499E+01    0.15540E+01    0.91679E+02
    0.34068E-01    0.16203E+02    0.11183E+03    0.62484E-24    0.11381E+03    0.14495E+01    0.15535E+01    0.91677E+02
    0.36072E-01    0.16656E+02    0.11498E+03    0.65364E-24    0.11702E+03    0.14490E+01    0.15531E+01    0.91675E+02
    0.38076E-01    0.17078E+02    0.11793E+03    0.68169E-24    0.12002E+03    0.14486E+01    0.15527E+01    0.91673E+02
    0.40080E-01    0.17474E+02    0.12070E+03    0.70902E-24    0.12284E+03    0.14482E+01    0.15523E+01    0.91671E+02
    0.42084E-01    0.17846E+02    0.12330E+03    0.73564E-24    0.12549E+03    0.14478E+01    0.15519E+01    0.91669E+02
    0.44088E-01    0.18194E+02    0.12574E+03    0.76157E-24    0.12797E+03    0.14474E+01    0.15515E+01    0.91668E+02
    0.46092E-01    0.18521E+02    0.12803E+03    0.78684E-24    0.13031E+03    0.14471E+01    0.15511E+01    0.91666E+02
    0.48096E-01    0.18829E+02    0.13019E+03    0.81146E-24    0.13250E+03    0.14467E+01    0.15507E+01    0.91665E+02
    0.50100E-01    0.19118E+02    0.13223E+03    0.83544E-24    0.13458E+03    0.14464E+01    0.15504E+01    0.91663E+02
    0.52104E-01    0.19391E+02    0.13414E+03    0.85881E-24    0.13653E+03    0.14460E+01    0.15501E+01    0.91662E+02
    0.54108E-01    0.19649E+02    0.13596E+03    0.88157E-24    0.13837E+03    0.14457E+01    0.15497E+01    0.91660E+02
    0.56112E-01    0.19892E+02    0.13767E+03    0.90375E-24    0.14011E+03    0.14454E+01    0.15494E+01    0.91659E+02
    0.58116E-01    0.20121E+02    0.13928E+03    0.92536E-24    0.14176E+03    0.14451E+01    0.15491E+01    0.91658E+02
    0.60120E-01    0.20338E+02    0.14081E+03    0.94641E-24    0.14332E+03    0.14448E+01    0.15488E+01    0.91656E+02
    0.62124E-01    0.20543E+02    0.14226E+03    0.96692E-24    0.14479E+03    0.14445E+01    0.15485E+01    0.91655E+02
    0.64128E-01    0.20738E+02    0.14363E+03    0.98691E-24    0.14619E+03    0.14443E+01    0.15482E+01    0.91654E+02
    0.66132E-01    0.20922E+02    0.14494E+03    0.10064E-23    0.14752E+03    0.14440E+01    0.15480E+01    0.91653E+02
    0.68136E-01    0.21097E+02    0.14617E+03    0.10254E-23    0.14877E+03    0.14437E+01    0.15477E+01    0.91652E+02
    0.70140E-01    0.21262E+02    0.14735E+03    0.10438E-23    0.14997E+03    0.14435E+01    0.15475E+01    0.91651E+02
    0.72144E-01    0.21420E+02    0.14846E+03    0.10618E-23    0.15111E+03    0.14433E+01    0.15472E+01    0.91650E+02
    0.74148E-01    0.21570E+02    0.14953E+03    0.10794E-23    0.15219E+03    0.14430E+01    0.15470E+01    0.91649E+02
    0.76152E-01    0.21712E+02    0.15054E+03    0.10965E-23    0.15322E+03    0.14428E+01    0.15467E+01    0.91648E+02
    0.78156E-01    0.21847E+02    0.15150E+03    0.11132E-23    0.15420E+03    0.14426E+01    0.15465E+01    0.91647E+02
    0.80160E-01    0.21977E+02    0.15242E+03    0.11294E-23    0.15513E+03    0.14424E+01    0.15463E+01    0.91646E+02
    0.82164E-01    0.22100E+02    0.15329E+03    0.11452E-23    0.15602E+03    0.14422E+01    0.15461E+01    0.91645E+02
    0.84168E-01    0.22217E+02    0.15413E+03    0.11606E-23    0.15687E+03    0.14420E+01    0.15459E+01    0.91644E+02
    0.86172E-01    0.22329E+02    0.15492E+03    0.11756E-23    0.15768E+03    0.14418E+01    0.15457E+01    0.91643E+02
    0.88176E-01    0.22436E+02    0.15569E+03    0.11903E-23    0.15846E+03    0.14416E+01    0.15455E+01    0.91642E+02
    0.90180E-01    0.22538E+02    0.15641E+03    0.12045E-23    0.15920E+03    0.14414E+01    0.15453E+01    0.91642E+02
    0.92184E-01    0.22635E+02    0.15711E+03    0.12184E-23    0.15991E+03    0.14412E+01    0.15451E+01    0.91641E+02
    0.94188E-01    0.22728E+02    0.15778E+03    0.12320E-23    0.16059E+03    0.14410E+01    0.15450E+01    0.91640E+02
    0.96192E-01    0.22818E+02    0.15841E+03    0.12452E-23    0.16124E+03    0.14409E+01    0.15448E+01    0.91639E+02
    0.98196E-01    0.22903E+02    0.15902E+03    0.12580E-23    0.16186E+03    0.14407E+01    0.15446E+01    0.91639E+02
    0.10020E+00    0.22985E+02    0.15961E+03    0.12706E-23    0.16246E+03    0.14406E+01    0.15445E+01    0.91638E+02
    0.10220E+00    0.23063E+02    0.16017E+03    0.12828E-23    0.16303E+03    0.14404E+01    0.15443E+01    0.91637E+02
    0.10421E+00    0.23138E+02    0.16071E+03    0.12947E-23    0.16358E+03    0.14402E+01    0.15442E+01    0.91637E+02
    0.10621E+00    0.23210E+02    0.16123E+03    0.13063E-23    0.16410E+03    0.14401E+01    0.15440E+01    0.91636E+02
    0.10822E+00    0.23279E+02    0.16172E+03    0.13176E-23    0.16461E+03    0.14400E+01    0.15439E+01    0.91635E+02
    0.11022E+00    0.23346E+02    0.16220E+03    0.13286E-23    0.16509E+03    0.14398E+01    0.15437E+01    0.91635E+02
    0.11222E+00    0.23409E+02    0.16266E+03    0.13393E-23    0.16556E+03    0.14397E+01    0.15436E+01    0.91634E+02
    0.11423E+00    0.23471E+02    0.16310E+03    0.13498E-23    0.16601E+03    0.14396E+01    0.15435E+01    0.91634E+02
    0.11623E+00    0.23530E+02    0.16352E+03    0.13600E-23    0.16644E+03    0.14394E+01    0.15433E+01    0.91633E+02
    0.11824E+00    0.23586E+02    0.16393E+03    0.13699E-23    0.16685E+03    0.14393E+01    0.15432E+01    0.91633E+02
    0.12024E+00    0.23641E+02    0.16432E+03    0.13796E-23    0.16725E+03    0.14392E+01    0.15431E+01    0.91632E+02
    0.12224E+00    0.23693E+02    0.16469E+03    0.13890E-23    0.16763E+03    0.14391E+01    0.15430E+01    0.91632E+02
    0.12425E+00    0.23743E+02    0.16506E+03    0.13982E-23    0.16800E+03    0.14390E+01    0.15429E+01    0.91631E+02
    0.12625E+00    0.23792E+02    0.16541E+03    0.14072E-23    0.16836E+03    0.14389E+01    0.15428E+01    0.91631E+02
    0.12826E+00    0.23839E+02    0.16574E+03    0.14159E-23    0.16870E+03    0.14388E+01    0.15426E+01    0.91630E+02
    0.13026E+00    0.23884E+02    0.16607E+03    0.14244E-23    0.16904E+03    0.14387E+01    0.15425E+01    0.91630E+02
    0.13226E+00    0.23927E+02    0.16638E+03    0.14327E-23    0.16936E+03    0.14386E+01    0.15424E+01    0.91629E+02
    0.13427E+00    0.23969E+02    0.16669E+03    0.14408E-23    0.16966E+03    0.14385E+01    0.15423E+01    0.91629E+02
    0.13627E+00    0.24010E+02    0.16698E+03    0.14487E-23    0.16996E+03    0.14384E+01    0.15422E+01    0.91628E+02
    0.13828E+00    0.24049E+02    0.16726E+03    0.14564E-23    0.17025E+03    0.14383E+01    0.15422E+01    0.91628E+02
    0.14028E+00    0.24086E+02    0.16753E+03    0.14639E-23    0.17053E+03    0.14382E+01    0.15421E+01    0.91628E+02
    0.14228E+00    0.24123E+02    0.16780E+03    0.14712E-23    0.17079E+03    0.14381E+01    0.15420E+01    0.91627E+02
    0.14429E+00    0.24158E+02    0.16805E+03    0.14783E-23    0.17105E+03    0.14380E+01    0.15419E+01    0.91627E+02
    0.14629E+00    0.24192E+02    0.16830E+03    0.14852E-23    0.17130E+03    0.14379E+01    0.15418E+01    0.91627E+02
    0.14830E+00    0.24225E+02    0.16853E+03    0.14920E-23    0.17155E+03    0.14379E+01    0.15417E+01    0.91626E+02
    0.15030E+00    0.24257E+02    0.16876E+03    0.14985E-23    0.17178E+03    0.14378E+01    0.15417E+01    0.91626E+02
    0.15230E+00    0.24287E+02    0.16899E+03    0.15050E-23    0.17201E+03    0.14377E+01    0.15416E+01    0.91626E+02
    0.15431E+00    0.24317E+02    0.16920E+03    0.15112E-23    0.17223E+03    0.14376E+01    0.15415E+01    0.91625E+02
    0.15631E+00    0.24346E+02    0.16941E+03    0.15173E-23    0.17244E+03    0.14376E+01    0.15414E+01    0.91625E+02
    0.15832E+00    0.24373E+02    0.16961E+03    0.15233E-23    0.17264E+03    0.14375E+01    0.15414E+01    0.91625E+02
    0.16032E+00    0.24400E+02    0.16981E+03    0.15291E-23    0.17284E+03    0.14374E+01    0.15413E+01    0.91624E+02
    0.16232E+00    0.24426E+02    0.17000E+03    0.15347E-23    0.17303E+03    0.14374E+01    0.15412E+01    0.91624E+02
    0.16433E+00    0.24452E+02    0.17018E+03    0.15402E-23    0.17322E+03    0.14373E+01    0.15412E+01    0.91624E+02
    0.16633E+00    0.24476E+02    0.17036E+03    0.15456E-23    0.17340E+03    0.14372E+01    0.15411E+01    0.91623E+02
    0.16834E+00    0.24500E+02    0.17053E+03    0.15508E-23    0.17358E+03    0.14372E+01    0.15410E+01    0.91623E+02
    0.17034E+00    0.24523E+02    0.17070E+03    0.15559E-23    0.17375E+03    0.14371E+01    0.15410E+01    0.91623E+02
    0.17234E+00    0.24545E+02    0.17086E+03    0.15609E-23    0.17391E+03    0.14371E+01    0.15409E+01    0.91623E+02
    0.17435E+00    0.24567E+02    0.17101E+03    0.15658E-23    0.17407E+03    0.14370E+01    0.15409E+01    0.91622E+02
    0.17635E+00    0.24588E+02    0.17117E+03    0.15705E-23    0.17423E+03    0.14370E+01    0.15408E+01    0.91622E+02
    0.17836E+00    0.24608E+02    0.17131E+03    0.15751E-23    0.17438E+03    0.14369E+01    0.15408E+01    0.91622E+02
    0.18036E+00    0.24628E+02    0.17146E+03    0.15796E-23    0.17452E+03    0.14369E+01    0.15407E+01    0.91622E+02
    0.18236E+00    0.24647E+02    0.17160E+03    0.15840E-23    0.17466E+03    0.14368E+01    0.15407E+01    0.91622E+02
    0.18437E+00    0.24665E+02    0.17173E+03    0.15882E-23    0.17480E+03    0.14368E+01    0.15406E+01    0.91621E+02
    0.18637E+00    0.24683E+02    0.17186E+03    0.15924E-23    0.17494E+03    0.14367E+01    0.15406E+01    0.91621E+02
    0.18838E+00    0.24701E+02    0.17199E+03    0.15965E-23    0.17506E+03    0.14367E+01    0.15405E+01    0.91621E+02
    0.19038E+00    0.24718E+02    0.17211E+03    0.16004E-23    0.17519E+03    0.14366E+01    0.15405E+01    0.91621E+02
    0.19238E+00    0.24734E+02    0.17223E+03    0.16043E-23    0.17531E+03    0.14366E+01    0.15404E+01    0.91621E+02
    0.19439E+00    0.24750E+02    0.17235E+03    0.16080E-23    0.17543E+03    0.14365E+01    0.15404E+01    0.91620E+02
    0.19639E+00    0.24766E+02    0.17246E+03    0.16117E-23    0.17555E+03    0.14365E+01    0.15403E+01    0.91620E+02
    0.19840E+00    0.24781E+02    0.17257E+03    0.16153E-23    0.17566E+03    0.14365E+01    0.15403E+01    0.91620E+02
    0.20040E+00    0.24796E+02    0.17268E+03    0.16188E-23    0.17577E+03    0.14364E+01    0.15403E+01    0.91620E+02
    0.20240E+00    0.24810E+02    0.17278E+03    0.16222E-23    0.17588E+03    0.14364E+01    0.15402E+01    0.91620E+02
    0.20441E+00    0.24824E+02    0.17289E+03    0.16255E-23    0.17598E+03    0.14363E+01    0.15402E+01    0.91620E+02
    0.20641E+00    0.24838E+02    0.17298E+03    0.16287E-23    0.17608E+03    0.14363E+01    0.15401E+01    0.91619E+02
    0.20842E+00    0.24851E+02    0.17308E+03    0.16319E-23    0.17618E+03    0.14363E+01    0.15401E+01    0.91619E+02
    0.21042E+00    0.24864E+02    0.17317E+03    0.16349E-23    0.17627E+03    0.14362E+01    0.15401E+01    0.91619E+02
    0.21242E+00    0.24876E+02    0.17326E+03    0.16379E-23    0.17636E+03    0.14362E+01    0.15400E+01    0.91619E+02
    0.21443E+00    0.24888E+02    0.17335E+03    0.16409E-23    0.17645E+03    0.14362E+01    0.15400E+01    0.91619E+02
    0.21643E+00    0.24900E+02    0.17344E+03    0.16437E-23    0.17654E+03    0.14361E+01    0.15400E+01    0.91619E+02
    0.21844E+00    0.24911E+02    0.17352E+03    0.16465E-23    0.17663E+03    0.14361E+01    0.15399E+01    0.91619E+02
    0.22044E+00    0.24923E+02    0.17360E+03    0.16492E-23    0.17671E+03    0.14361E+01    0.15399E+01    0.91618E+02
    0.22244E+00    0.24933E+02    0.17368E+03    0.16518E-23    0.17679E+03    0.14361E+01    0.15399E+01    0.91618E+02
    0.22445E+00    0.24944E+02    0.17376E+03    0.16544E-23    0.17687E+03    0.14360E+01    0.15399E+01    0.91618E+02
    0.22645E+00    0.24954E+02    0.17384E+03    0.16569E-23    0.17695E+03    0.14360E+01    0.15398E+01    0.91618E+02
    0.22846E+00    0.24964E+02    0.17391E+03    0.16594E-23    0.17702E+03    0.14360E+01    0.15398E+01    0.91618E+02
    0.23046E+00    0.24974E+02    0.17398E+03    0.16618E-23    0.17709E+03    0.14360E+01    0.15398E+01    0.91618E+02
    0.23246E+00    0.24984E+02    0.17405E+03    0.16641E-23    0.17716E+03    0.14359E+01    0.15398E+01    0.91618E+02
    0.23447E+00    0.24993E+02    0.17412E+03    0.16664E-23    0.17723E+03    0.14359E+01    0.15397E+01    0.91618E+02
    0.23647E+00    0.25002E+02    0.17418E+03    0.16686E-23    0.17730E+03    0.14359E+01    0.15397E+01    0.91617E+02
    0.23848E+00    0.25011E+02    0.17425E+03    0.16707E-23    0.17737E+03    0.14359E+01    0.15397E+01    0.91617E+02
    0.24048E+00    0.25019E+02    0.17431E+03    0.16728E-23    0.17743E+03    0.14358E+01    0.15397E+01    0.91617E+02
    0.24248E+00    0.25028E+02    0.17437E+03    0.16749E-23    0.17749E+03    0.14358E+01    0.15396E+01    0.91617E+02
    0.24449E+00    0.25036E+02    0.17443E+03    0.16769E-23    0.17755E+03    0.14358E+01    0.15396E+01    0.91617E+02
    0.24649E+00    0.25044E+02    0.17449E+03    0.16788E-23    0.17761E+03    0.14358E+01    0.15396E+01    0.91617E+02
    0.24850E+00    0.25052E+02    0.17454E+03    0.16807E-23    0.17767E+03    0.14357E+01    0.15396E+01    0.91617E+02
    0.25050E+00    0.25059E+02    0.17460E+03    0.16826E-23    0.17772E+03    0.14357E+01    0.15395E+01    0.91617E+02
    0.25251E+00    0.25067E+02    0.17465E+03    0.16844E-23    0.17778E+03    0.14357E+01    0.15395E+01    0.91617E+02
    0.25451E+00    0.25074E+02    0.17471E+03    0.16862E-23    0.17783E+03    0.14357E+01    0.15395E+01    0.91617E+02
    0.25651E+00    0.25081E+02    0.17476E+03    0.16879E-23    0.17788E+03    0.14357E+01    0.15395E+01    0.91617E+02
    0.25852E+00    0.25088E+02    0.17481E+03    0.16896E-23    0.17794E+03    0.14357E+01    0.15395E+01    0.91616E+02
    0.26052E+00    0.25094E+02    0.17486E+03    0.16912E-23    0.17798E+03    0.14356E+01    0.15395E+01    0.91616E+02
    0.26253E+00    0.25101E+02    0.17490E+03    0.16928E-23    0.17803E+03    0.14356E+01    0.15394E+01    0.91616E+02
    0.26453E+00    0.25107E+02    0.17495E+03    0.16944E-23    0.17808E+03    0.14356E+01    0.15394E+01    0.91616E+02
    0.26653E+00    0.25113E+02    0.17499E+03    0.16959E-23    0.17813E+03    0.14356E+01    0.15394E+01    0.91616E+02
    0.26854E+00    0.25119E+02    0.17504E+03    0.16974E-23    0.17817E+03    0.14356E+01    0.15394E+01    0.91616E+02
    0.27054E+00    0.25125E+02    0.17508E+03    0.16988E-23    0.17822E+03    0.14356E+01    0.15394E+01    0.91616E+02
    0.27255E+00    0.25131E+02    0.17512E+03    0.17003E-23    0.17826E+03    0.14355E+01    0.15394E+01    0.91616E+02
    0.27455E+00    0.25137E+02    0.17516E+03    0.17016E-23    0.17830E+03    0.14355E+01    0.15393E+01    0.91616E+02
    0.27655E+00    0.25142E+02    0.17520E+03    0.17030E-23    0.17834E+03    0.14355E+01    0.15393E+01    0.91616E+02
    0.27856E+00    0.25148E+02    0.17524E+03    0.17043E-23    0.17838E+03    0.14355E+01    0.15393E+01    0.91616E+02
    0.28056E+00    0.25153E+02    0.17528E+03    0.17056E-23    0.17842E+03    0.14355E+01    0.15393E+01    0.91616E+02
    0.28257E+00    0.25158E+02    0.17532E+03    0.17068E-23    0.17846E+03    0.14355E+01    0.15393E+01    0.91616E+02
    0.28457E+00    0.25163E+02    0.17536E+03    0.17080E-23    0.17849E+03    0.14355E+01    0.15393E+01    0.91616E+02
    0.28657E+00    0.25168E+02    0.17539E+03    0.17092E-23    0.17853E+03    0.14354E+01    0.15393E+01    0.91616E+02
    0.28858E+00    0.25173E+02    0.17543E+03    0.17104E-23    0.17857E+03    0.14354E+01    0.15392E+01    0.91616E+02
    0.29058E+00    0.25177E+02    0.17546E+03    0.17115E-23    0.17860E+03    0.14354E+01    0.15392E+01    0.91615E+02
    0.29259E+00    0.25182E+02    0.17549E+03    0.17126E-23    0.17863E+03    0.14354E+01    0.15392E+01    0.91615E+02
    0.29459E+00    0.25186E+02    0.17552E+03    0.17137E-23    0.17867E+03    0.14354E+01    0.15392E+01    0.91615E+02
    0.29659E+00    0.25190E+02    0.17556E+03    0.17147E-23    0.17870E+03    0.14354E+01    0.15392E+01    0.91615E+02
    0.29860E+00    0.25195E+02    0.17559E+03    0.17157E-23    0.17873E+03    0.14354E+01    0.15392E+01    0.91615E+02
    0.30060E+00    0.25199E+02    0.17562E+03    0.17167E-23    0.17876E+03    0.14354E+01    0.15392E+01    0.91615E+02
    0.30261E+00    0.25203E+02    0.17565E+03    0.17177E-23    0.17879E+03    0.14354E+01    0.15392E+01    0.91615E+02
    0.30461E+00    0.25207E+02    0.17567E+03    0.17187E-23    0.17882E+03    0.14353E+01    0.15392E+01    0.91615E+02
    0.30661E+00    0.25211E+02    0.17570E+03    0.17196E-23    0.17885E+03    0.14353E+01    0.15392E+01    0.91615E+02
    0.30862E+00    0.25214E+02    0.17573E+03    0.17205E-23    0.17888E+03    0.14353E+01    0.15391E+01    0.91615E+02
    0.31062E+00    0.25218E+02    0.17576E+03    0.17214E-23    0.17890E+03    0.14353E+01    0.15391E+01    0.91615E+02
    0.31263E+00    0.25222E+02    0.17578E+03    0.17222E-23    0.17893E+03    0.14353E+01    0.15391E+01    0.91615E+02
    0.31463E+00    0.25225E+02    0.17581E+03    0.17231E-23    0.17896E+03    0.14353E+01    0.15391E+01    0.91615E+02
    0.31663E+00    0.25229E+02    0.17583E+03    0.17239E-23    0.17898E+03    0.14353E+01    0.15391E+01    0.91615E+02
    0.31864E+00    0.25232E+02    0.17586E+03    0.17247E-23    0.17901E+03    0.14353E+01    0.15391E+01    0.91615E+02
    0.32064E+00    0.25235E+02    0.17588E+03    0.17255E-23    0.17903E+03    0.14353E+01    0.15391E+01    0.91615E+02
    0.32265E+00    0.25238E+02    0.17590E+03    0.17262E-23    0.17905E+03    0.14353E+01    0.15391E+01    0.91615E+02
    0.32465E+00    0.25242E+02    0.17593E+03    0.17270E-23    0.17908E+03    0.14353E+01    0.15391E+01    0.91615E+02
    0.32665E+00    0.25245E+02    0.17595E+03    0.17277E-23    0.17910E+03    0.14353E+01    0.15391E+01    0.91615E+02
    0.32866E+00    0.25248E+02    0.17597E+03    0.17284E-23    0.17912E+03    0.14352E+01    0.15391E+01    0.91615E+02
    0.33066E+00    0.25251E+02    0.17599E+03    0.17291E-23    0.17914E+03    0.14352E+01    0.15391E+01    0.91615E+02
    0.33267E+00    0.25253E+02    0.17601E+03    0.17298E-23    0.17916E+03    0.14352E+01    0.15390E+01    0.91615E+02
    0.33467E+00    0.25256E+02    0.17603E+03    0.17304E-23    0.17919E+03    0.14352E+01    0.15390E+01    0.91615E+02
    0.33667E+00    0.25259E+02    0.17605E+03    0.17311E-23    0.17921E+03    0.14352E+01    0.15390E+01    0.91615E+02
    0.33868E+00    0.25262E+02    0.17607E+03    0.17317E-23    0.17923E+03    0.14352E+01    0.15390E+01    0.91615E+02
    0.34068E+00    0.25264E+02    0.17609E+03    0.17323E-23    0.17924E+03    0.14352E+01    0.15390E+01    0.91615E+02
    0.34269E+00    0.25267E+02    0.17611E+03    0.17329E-23    0.17926E+03    0.14352E+01    0.15390E+01    0.91614E+02
    0.34469E+00    0.25269E+02    0.17613E+03    0.17335E-23    0.17928E+03    0.14352E+01    0.15390E+01    0.91614E+02
    0.34669E+00    0.25272E+02    0.17615E+03    0.17340E-23    0.17930E+03    0.14352E+01    0.15390E+01    0.91614E+02
    0.34870E+00    0.25274E+02    0.17616E+03    0.17346E-23    0.17932E+03    0.14352E+01    0.15390E+01    0.91614E+02
    0.35070E+00    0.25277E+02    0.17618E+03    0.17351E-23    0.17934E+03    0.14352E+01    0.15390E+01    0.91614E+02
    0.35271E+00    0.25279E+02    0.17620E+03    0.17357E-23    0.17935E+03    0.14352E+01    0.15390E+01    0.91614E+02
    0.35471E+00    0.25281E+02    0.17621E+03    0.17362E-23    0.17937E+03    0.14352E+01    0.15390E+01    0.91614E+02
    0.35671E+00    0.25283E+02    0.17623E+03    0.17367E-23    0.17938E+03    0.14352E+01    0.15390E+01    0.91614E+02
    0.35872E+00    0.25285E+02    0.17625E+03    0.17372E-23    0.17940E+03    0.14352E+01    0.15390E+01    0.91614E+02
    0.36072E+00    0.25288E+02    0.17626E+03    0.17376E-23    0.17942E+03    0.14352E+01    0.15390E+01    0.91614E+02
    0.36273E+00    0.25290E+02    0.17628E+03    0.17381E-23    0.17943E+03    0.14351E+01    0.15390E+01    0.91614E+02
    0.36473E+00    0.25292E+02    0.17629E+03    0.17386E-23    0.17945E+03    0.14351E+01    0.15390E+01    0.91614E+02
    0.36673E+00    0.25294E+02    0.17630E+03    0.17390E-23    0.17946E+03    0.14351E+01    0.15390E+01    0.91614E+02
    0.36874E+00    0.25295E+02    0.17632E+03    0.17394E-23    0.17947E+03    0.14351E+01    0.15389E+01    0.91614E+02
    0.37074E+00    0.25297E+02    0.17633E+03    0.17399E-23    0.17949E+03    0.14351E+01    0.15389E+01    0.91614E+02
    0.37275E+00    0.25299E+02    0.17635E+03    0.17403E-23    0.17950E+03    0.14351E+01    0.15389E+01    0.91614E+02
    0.37475E+00    0.25301E+02    0.17636E+03    0.17407E-23    0.17952E+03    0.14351E+01    0.15389E+01    0.91614E+02
    0.37675E+00    0.25303E+02    0.17637E+03    0.17411E-23    0.17953E+03    0.14351E+01    0.15389E+01    0.91614E+02
    0.37876E+00    0.25304E+02    0.17638E+03    0.17414E-23    0.17954E+03    0.14351E+01    0.15389E+01    0.91614E+02
    0.38076E+00    0.25306E+02    0.17640E+03    0.17418E-23    0.17955E+03    0.14351E+01    0.15389E+01    0.91614E+02
    0.38277E+00    0.25308E+02    0.17641E+03    0.17422E-23    0.17957E+03    0.14351E+01    0.15389E+01    0.91614E+02
    0.38477E+00    0.25309E+02    0.17642E+03    0.17425E-23    0.17958E+03    0.14351E+01    0.15389E+01    0.91614E+02
    0.38677E+00    0.25311E+02    0.17643E+03    0.17429E-23    0.17959E+03    0.14351E+01    0.15389E+01    0.91614E+02
    0.38878E+00    0.25313E+02    0.17644E+03    0.17432E-23    0.17960E+03    0.14351E+01    0.15389E+01    0.91614E+02
    0.39078E+00    0.25314E+02    0.17645E+03    0.17436E-23    0.17961E+03    0.14351E+01    0.15389E+01    0.91614E+02
    0.39279E+00    0.25316E+02    0.17646E+03    0.17439E-23    0.17962E+03    0.14351E+01    0.15389E+01    0.91614E+02
    0.39479E+00    0.25317E+02    0.17647E+03    0.17442E-23    0.17963E+03    0.14351E+01    0.15389E+01    0.91614E+02
    0.39679E+00    0.25319E+02    0.17649E+03    0.17445E-23    0.17964E+03    0.14351E+01    0.15389E+01    0.91614E+02
    0.39880E+00    0.25320E+02    0.17650E+03    0.17448E-23    0.17966E+03    0.14351E+01    0.15389E+01    0.91614E+02
    0.40080E+00    0.25321E+02    0.17651E+03    0.17451E-23    0.17967E+03    0.14351E+01    0.15389E+01    0.91614E+02
    0.40281E+00    0.25323E+02    0.17651E+03    0.17454E-23    0.17968E+03    0.14351E+01    0.15389E+01    0.91614E+02
    0.40481E+00    0.25324E+02    0.17652E+03    0.17457E-23    0.17968E+03    0.14351E+01    0.15389E+01    0.91614E+02
    0.40681E+00    0.25325E+02    0.17653E+03    0.17460E-23    0.17969E+03    0.14351E+01    0.15389E+01    0.91614E+02
    0.40882E+00    0.25326E+02    0.17654E+03    0.17462E-23    0.17970E+03    0.14351E+01    0.15389E+01    0.91614E+02
    0.41082E+00    0.25328E+02    0.17655E+03    0.17465E-23    0.17971E+03    0.14351E+01    0.15389E+01    0.91614E+02
    0.41283E+00    0.25329E+02    0.17656E+03    0.17467E-23    0.17972E+03    0.14351E+01    0.15389E+01    0.91614E+02
    0.41483E+00    0.25330E+02    0.17657E+03    0.17470E-23    0.17973E+03    0.14351E+01    0.15389E+01    0.91614E+02
    0.41683E+00    0.25331E+02    0.17658E+03    0.17472E-23    0.17974E+03    0.14351E+01    0.15389E+01    0.91614E+02
    0.41884E+00    0.25332E+02    0.17659E+03    0.17475E-23    0.17975E+03    0.14351E+01    0.15389E+01    0.91614E+02
    0.42084E+00    0.25334E+02    0.17659E+03    0.17477E-23    0.17976E+03    0.14351E+01    0.15389E+01    0.91614E+02
    0.42285E+00    0.25335E+02    0.17660E+03    0.17479E-23    0.17976E+03    0.14351E+01    0.15389E+01    0.91614E+02
    0.42485E+00    0.25336E+02    0.17661E+03    0.17481E-23    0.17977E+03    0.14351E+01    0.15389E+01    0.91614E+02
    0.42685E+00    0.25337E+02    0.17662E+03    0.17484E-23    0.17978E+03    0.14350E+01    0.15389E+01    0.91614E+02
    0.42886E+00    0.25338E+02    0.17662E+03    0.17486E-23    0.17979E+03    0.14350E+01    0.15389E+01    0.91614E+02
    0.43086E+00    0.25339E+02    0.17663E+03    0.17488E-23    0.17979E+03    0.14350E+01    0.15389E+01    0.91614E+02
    0.43287E+00    0.25340E+02    0.17664E+03    0.17490E-23    0.17980E+03    0.14350E+01    0.15389E+01    0.91614E+02
    0.43487E+00    0.25341E+02    0.17665E+03    0.17492E-23    0.17981E+03    0.14350E+01    0.15389E+01    0.91614E+02
    0.43687E+00    0.25342E+02    0.17665E+03    0.17494E-23    0.17982E+03    0.14350E+01    0.15388E+01    0.91614E+02
    0.43888E+00    0.25343E+02    0.17666E+03    0.17495E-23    0.17982E+03    0.14350E+01    0.15388E+01    0.91614E+02
    0.44088E+00    0.25344E+02    0.17667E+03    0.17497E-23    0.17983E+03    0.14350E+01    0.15388E+01    0.91614E+02
    0.44289E+00    0.25344E+02    0.17667E+03    0.17499E-23    0.17984E+03    0.14350E+01    0.15388E+01    0.91614E+02
    0.44489E+00    0.25345E+02    0.17668E+03    0.17501E-23    0.17984E+03    0.14350E+01    0.15388E+01    0.91614E+02
    0.44689E+00    0.25346E+02    0.17668E+03    0.17502E-23    0.17985E+03    0.14350E+01    0.15388E+01    0.91614E+02
    0.44890E+00    0.25347E+02    0.17669E+03    0.17504E-23    0.17985E+03    0.14350E+01    0.15388E+01    0.91614E+02
    0.45090E+00    0.25348E+02    0.17670E+03    0.17506E-23    0.17986E+03    0.14350E+01    0.15388E+01    0.91614E+02
    0.45291E+00    0.25349E+02    0.17670E+03    0.17507E-23    0.17987E+03    0.14350E+01    0.15388E+01    0.91614E+02
    0.45491E+00    0.25349E+02    0.17671E+03    0.17509E-23    0.17987E+03    0.14350E+01    0.15388E+01    0.91614E+02
    0.45691E+00    0.25350E+02    0.17671E+03    0.17510E-23    0.17988E+03    0.14350E+01    0.15388E+01    0.91614E+02
    0.45892E+00    0.25351E+02    0.17672E+03    0.17512E-23    0.17988E+03    0.14350E+01    0.15388E+01    0.91614E+02
    0.46092E+00    0.25352E+02    0.17672E+03    0.17513E-23    0.17989E+03    0.14350E+01    0.15388E+01    0.91614E+02
    0.46293E+00    0.25352E+02    0.17673E+03    0.17515E-23    0.17989E+03    0.14350E+01    0.15388E+01    0.91614E+02
    0.46493E+00    0.25353E+02    0.17673E+03    0.17516E-23    0.17990E+03    0.14350E+01    0.15388E+01    0.91614E+02
    0.46693E+00    0.25354E+02    0.17674E+03    0.17517E-23    0.17990E+03    0.14350E+01    0.15388E+01    0.91614E+02
    0.46894E+00    0.25354E+02    0.17674E+03    0.17519E-23    0.17991E+03    0.14350E+01    0.15388E+01    0.91614E+02
    0.47094E+00    0.25355E+02    0.17675E+03    0.17520E-23    0.17991E+03    0.14350E+01    0.15388E+01    0.91614E+02
    0.47295E+00    0.25356E+02    0.17675E+03    0.17521E-23    0.17992E+03    0.14350E+01    0.15388E+01    0.91614E+02
    0.47495E+00    0.25356E+02    0.17676E+03    0.17522E-23    0.17992E+03    0.14350E+01    0.15388E+01    0.91614E+02
    0.47695E+00    0.25357E+02    0.17676E+03    0.17524E-23    0.17993E+03    0.14350E+01    0.15388E+01    0.91614E+02
    0.47896E+00    0.25358E+02    0.17677E+03    0.17525E-23    0.17993E+03    0.14350E+01    0.15388E+01    0.91614E+02
    0.48096E+00    0.25358E+02    0.17677E+03    0.17526E-23    0.17994E+03    0.14350E+01    0.15388E+01    0.91614E+02
    0.48297E+00    0.25359E+02    0.17678E+03    0.17527E-23    0.17994E+03    0.14350E+01    0.15388E+01    0.91614E+02
    0.48497E+00    0.25360E+02    0.17678E+03    0.17528E-23    0.17995E+03    0.14350E+01    0.15388E+01    0.91614E+02
    0.48697E+00    0.25360E+02    0.17678E+03    0.17529E-23    0.17995E+03    0.14350E+01    0.15388E+01    0.91614E+02
    0.48898E+00    0.25361E+02    0.17679E+03    0.17530E-23    0.17995E+03    0.14350E+01    0.15388E+01    0.91614E+02
    0.49098E+00    0.25361E+02    0.17679E+03    0.17531E-23    0.17996E+03    0.14350E+01    0.15388E+01    0.91614E+02
    0.49299E+00    0.25362E+02    0.17680E+03    0.17532E-23    0.17996E+03    0.14350E+01    0.15388E+01    0.91614E+02
    0.49499E+00    0.25362E+02    0.17680E+03    0.17533E-23    0.17997E+03    0.14350E+01    0.15388E+01    0.91614E+02
    0.49699E+00    0.25363E+02    0.17680E+03    0.17534E-23    0.17997E+03    0.14350E+01    0.15388E+01    0.91614E+02
    0.49900E+00    0.25363E+02    0.17681E+03    0.17535E-23    0.17997E+03    0.14350E+01    0.15388E+01    0.91614E+02
    0.50100E+00    0.25364E+02    0.17681E+03    0.17536E-23    0.17998E+03    0.14350E+01    0.15388E+01    0.91614E+02
    0.50301E+00    0.25364E+02    0.17682E+03    0.17537E-23    0.17998E+03    0.14350E+01    0.15388E+01    0.91614E+02
    0.50501E+00    0.25365E+02    0.17682E+03    0.17538E-23    0.17998E+03    0.14350E+01    0.15388E+01    0.91614E+02
    0.50701E+00    0.25365E+02    0.17682E+03    0.17538E-23    0.17999E+03    0.14350E+01    0.15388E+01    0.91614E+02
    0.50902E+00    0.25366E+02    0.17683E+03    0.17539E-23    0.17999E+03    0.14350E+01    0.15388E+01    0.91614E+02
    0.51102E+00    0.25366E+02    0.17683E+03    0.17540E-23    0.17999E+03    0.14350E+01    0.15388E+01    0.91614E+02
    0.51303E+00    0.25367E+02    0.17683E+03    0.17541E-23    0.18000E+03    0.14350E+01    0.15388E+01    0.91614E+02
    0.51503E+00    0.25367E+02    0.17684E+03    0.17542E-23    0.18000E+03    0.14350E+01    0.15388E+01    0.91614E+02
    0.51703E+00    0.25368E+02    0.17684E+03    0.17542E-23    0.18000E+03    0.14350E+01    0.15388E+01    0.91614E+02
    0.51904E+00    0.25368E+02    0.17684E+03    0.17543E-23    0.18001E+03    0.14350E+01    0.15388E+01    0.91614E+02
    0.52104E+00    0.25368E+02    0.17684E+03    0.17544E-23    0.18001E+03    0.14350E+01    0.15388E+01    0.91614E+02
    0.52305E+00    0.25369E+02    0.17685E+03    0.17544E-23    0.18001E+03    0.14350E+01    0.15388E+01    0.91614E+02
    0.52505E+00    0.25369E+02    0.17685E+03    0.17545E-23    0.18002E+03    0.14350E+01    0.15388E+01    0.91614E+02
    0.52705E+00    0.25370E+02    0.17685E+03    0.17546E-23    0.18002E+03    0.14350E+01    0.15388E+01    0.91614E+02
    0.52906E+00    0.25370E+02    0.17686E+03    0.17546E-23    0.18002E+03    0.14350E+01    0.15388E+01    0.91614E+02
    0.53106E+00    0.25370E+02    0.17686E+03    0.17547E-23    0.18003E+03    0.14350E+01    0.15388E+01    0.91614E+02
    0.53307E+00    0.25371E+02    0.17686E+03    0.17548E-23    0.18003E+03    0.14350E+01    0.15388E+01    0.91614E+02
    0.53507E+00    0.25371E+02    0.17686E+03    0.17548E-23    0.18003E+03    0.14350E+01    0.15388E+01    0.91614E+02
    0.53707E+00    0.25372E+02    0.17687E+03    0.17549E-23    0.18003E+03    0.14350E+01    0.15388E+01    0.91614E+02
    0.53908E+00    0.25372E+02    0.17687E+03    0.17549E-23    0.18004E+03    0.14350E+01    0.15388E+01    0.91614E+02
    0.54108E+00    0.25372E+02    0.17687E+03    0.17550E-23    0.18004E+03    0.14350E+01    0.15388E+01    0.91614E+02
    0.54309E+00    0.25373E+02    0.17687E+03    0.17551E-23    0.18004E+03    0.14350E+01    0.15388E+01    0.91614E+02
    0.54509E+00    0.25373E+02    0.17688E+03    0.17551E-23    0.18004E+03    0.14350E+01    0.15388E+01    0.91614E+02
    0.54709E+00    0.25373E+02    0.17688E+03    0.17552E-23    0.18005E+03    0.14350E+01    0.15388E+01    0.91614E+02
    0.54910E+00    0.25374E+02    0.17688E+03    0.17552E-23    0.18005E+03    0.14350E+01    0.15388E+01    0.91614E+02
    0.55110E+00    0.25374E+02    0.17688E+03    0.17553E-23    0.18005E+03    0.14350E+01    0.15388E+01    0.91614E+02
    0.55311E+00    0.25374E+02    0.17689E+03    0.17553E-23    0.18005E+03    0.14350E+01    0.15388E+01    0.91614E+02
    0.55511E+00    0.25375E+02    0.17689E+03    0.17554E-23    0.18005E+03    0.14350E+01    0.15388E+01    0.91614E+02
    0.55711E+00    0.25375E+02    0.17689E+03    0.17554E-23    0.18006E+03    0.14350E+01    0.15388E+01    0.91614E+02
    0.55912E+00    0.25375E+02    0.17689E+03    0.17555E-23    0.18006E+03    0.14350E+01    0.15388E+01    0.91614E+02
    0.56112E+00    0.25375E+02    0.17689E+03    0.17555E-23    0.18006E+03    0.14350E+01    0.15388E+01    0.91614E+02
    0.56313E+00    0.25376E+02    0.17690E+03    0.17555E-23    0.18006E+03    0.14350E+01    0.15388E+01    0.91614E+02
    0.56513E+00    0.25376E+02    0.17690E+03    0.17556E-23    0.18007E+03    0.14350E+01    0.15388E+01    0.91614E+02
    0.56713E+00    0.25376E+02    0.17690E+03    0.17556E-23    0.18007E+03    0.14350E+01    0.15388E+01    0.91614E+02
    0.56914E+00    0.25377E+02    0.17690E+03    0.17557E-23    0.18007E+03    0.14350E+01    0.15388E+01    0.91614E+02
    0.57114E+00    0.25377E+02    0.17690E+03    0.17557E-23    0.18007E+03    0.14350E+01    0.15388E+01    0.91614E+02
    0.57315E+00    0.25377E+02    0.17691E+03    0.17557E-23    0.18007E+03    0.14350E+01    0.15388E+01    0.91614E+02
    0.57515E+00    0.25377E+02    0.17691E+03    0.17558E-23    0.18008E+03    0.14350E+01    0.15388E+01    0.91614E+02
    0.57715E+00    0.25378E+02    0.17691E+03    0.17558E-23    0.18008E+03    0.14350E+01    0.15388E+01    0.91614E+02
    0.57916E+00    0.25378E+02    0.17691E+03    0.17559E-23    0.18008E+03    0.14350E+01    0.15388E+01    0.91614E+02
    0.58116E+00    0.25378E+02    0.17691E+03    0.17559E-23    0.18008E+03    0.14350E+01    0.15388E+01    0.91614E+02
    0.58317E+00    0.25378E+02    0.17691E+03    0.17559E-23    0.18008E+03    0.14350E+01    0.15388E+01    0.91614E+02
    0.58517E+00    0.25379E+02    0.17692E+03    0.17560E-23    0.18008E+03    0.14350E+01    0.15388E+01    0.91614E+02
    0.58717E+00    0.25379E+02    0.17692E+03    0.17560E-23    0.18009E+03    0.14350E+01    0.15388E+01    0.91614E+02
    0.58918E+00    0.25379E+02    0.17692E+03    0.17560E-23    0.18009E+03    0.14350E+01    0.15388E+01    0.91614E+02
    0.59118E+00    0.25379E+02    0.17692E+03    0.17561E-23    0.18009E+03    0.14350E+01    0.15388E+01    0.91614E+02
    0.59319E+00    0.25379E+02    0.17692E+03    0.17561E-23    0.18009E+03    0.14350E+01    0.15388E+01    0.91614E+02
    0.59519E+00    0.25380E+02    0.17692E+03    0.17561E-23    0.18009E+03    0.14350E+01    0.15388E+01    0.91614E+02
    0.59719E+00    0.25380E+02    0.17693E+03    0.17561E-23    0.18009E+03    0.14350E+01    0.15388E+01    0.91614E+02
    0.59920E+00    0.25380E+02    0.17693E+03    0.17562E-23    0.18010E+03    0.14350E+01    0.15388E+01    0.91614E+02
    0.60120E+00    0.25380E+02    0.17693E+03    0.17562E-23    0.18010E+03    0.14350E+01    0.15388E+01    0.91614E+02
    0.60321E+00    0.25381E+02    0.17693E+03    0.17562E-23    0.18010E+03    0.14350E+01    0.15388E+01    0.91614E+02
    0.60521E+00    0.25381E+02    0.17693E+03    0.17563E-23    0.18010E+03    0.14350E+01    0.15388E+01    0.91614E+02
    0.60721E+00    0.25381E+02    0.17693E+03    0.17563E-23    0.18010E+03    0.14350E+01    0.15388E+01    0.91614E+02
    0.60922E+00    0.25381E+02    0.17693E+03    0.17563E-23    0.18010E+03    0.14350E+01    0.15388E+01    0.91614E+02
    0.61122E+00    0.25381E+02    0.17694E+03    0.17563E-23    0.18010E+03    0.14350E+01    0.15388E+01    0.91614E+02
    0.61323E+00    0.25381E+02    0.17694E+03    0.17564E-23    0.18011E+03    0.14350E+01    0.15388E+01    0.91614E+02
    0.61523E+00    0.25382E+02    0.17694E+03    0.17564E-23    0.18011E+03    0.14350E+01    0.15388E+01    0.91614E+02
    0.61723E+00    0.25382E+02    0.17694E+03    0.17564E-23    0.18011E+03    0.14350E+01    0.15388E+01    0.91614E+02
    0.61924E+00    0.25382E+02    0.17694E+03    0.17564E-23    0.18011E+03    0.14350E+01    0.15388E+01    0.91614E+02
    0.62124E+00    0.25382E+02    0.17694E+03    0.17565E-23    0.18011E+03    0.14350E+01    0.15388E+01    0.91614E+02
    0.62325E+00    0.25382E+02    0.17694E+03    0.17565E-23    0.18011E+03    0.14350E+01    0.15388E+01    0.91614E+02
    0.62525E+00    0.25383E+02    0.17694E+03    0.17565E-23    0.18011E+03    0.14350E+01    0.15388E+01    0.91614E+02
    0.62725E+00    0.25383E+02    0.17695E+03    0.17565E-23    0.18011E+03    0.14350E+01    0.15388E+01    0.91614E+02
    0.62926E+00    0.25383E+02    0.17695E+03    0.17565E-23    0.18012E+03    0.14350E+01    0.15388E+01    0.91614E+02
    0.63126E+00    0.25383E+02    0.17695E+03    0.17566E-23    0.18012E+03    0.14350E+01    0.15388E+01    0.91614E+02
    0.63327E+00    0.25383E+02    0.17695E+03    0.17566E-23    0.18012E+03    0.14350E+01    0.15388E+01    0.91614E+02
    0.63527E+00    0.25383E+02    0.17695E+03    0.17566E-23    0.18012E+03    0.14350E+01    0.15388E+01    0.91614E+02
    0.63727E+00    0.25384E+02    0.17695E+03    0.17566E-23    0.18012E+03    0.14350E+01    0.15388E+01    0.91614E+02
    0.63928E+00    0.25384E+02    0.17695E+03    0.17566E-23    0.18012E+03    0.14350E+01    0.15388E+01    0.91614E+02
    0.64128E+00    0.25384E+02    0.17695E+03    0.17566E-23    0.18012E+03    0.14350E+01    0.15388E+01    0.91614E+02
    0.64329E+00    0.25384E+02    0.17695E+03    0.17567E-23    0.18012E+03    0.14350E+01    0.15388E+01    0.91614E+02
    0.64529E+00    0.25384E+02    0.17696E+03    0.17567E-23    0.18012E+03    0.14350E+01    0.15388E+01    0.91614E+02
    0.64729E+00    0.25384E+02    0.17696E+03    0.17567E-23    0.18013E+03    0.14350E+01    0.15388E+01    0.91614E+02
    0.64930E+00    0.25384E+02    0.17696E+03    0.17567E-23    0.18013E+03    0.14350E+01    0.15388E+01    0.91614E+02
    0.65130E+00    0.25385E+02    0.17696E+03    0.17567E-23    0.18013E+03    0.14350E+01    0.15388E+01    0.91614E+02
    0.65331E+00    0.25385E+02    0.17696E+03    0.17567E-23    0.18013E+03    0.14350E+01    0.15388E+01    0.91614E+02
    0.65531E+00    0.25385E+02    0.17696E+03    0.17568E-23    0.18013E+03    0.14350E+01    0.15388E+01    0.91614E+02
    0.65731E+00    0.25385E+02    0.17696E+03    0.17568E-23    0.18013E+03    0.14350E+01    0.15388E+01    0.91614E+02
    0.65932E+00    0.25385E+02    0.17696E+03    0.17568E-23    0.18013E+03    0.14350E+01    0.15388E+01    0.91614E+02
    0.66132E+00    0.25385E+02    0.17696E+03    0.17568E-23    0.18013E+03    0.14350E+01    0.15388E+01    0.91614E+02
    0.66333E+00    0.25385E+02    0.17696E+03    0.17568E-23    0.18013E+03    0.14350E+01    0.15388E+01    0.91614E+02
    0.66533E+00    0.25385E+02    0.17697E+03    0.17568E-23    0.18013E+03    0.14350E+01    0.15388E+01    0.91614E+02
    0.66733E+00    0.25386E+02    0.17697E+03    0.17568E-23    0.18013E+03    0.14350E+01    0.15388E+01    0.91614E+02
    0.66934E+00    0.25386E+02    0.17697E+03    0.17569E-23    0.18014E+03    0.14350E+01    0.15388E+01    0.91614E+02
    0.67134E+00    0.25386E+02    0.17697E+03    0.17569E-23    0.18014E+03    0.14350E+01    0.15388E+01    0.91614E+02
    0.67335E+00    0.25386E+02    0.17697E+03    0.17569E-23    0.18014E+03    0.14350E+01    0.15388E+01    0.91614E+02
    0.67535E+00    0.25386E+02    0.17697E+03    0.17569E-23    0.18014E+03    0.14350E+01    0.15388E+01    0.91614E+02
    0.67735E+00    0.25386E+02    0.17697E+03    0.17569E-23    0.18014E+03    0.14350E+01    0.15388E+01    0.91614E+02
    0.67936E+00    0.25386E+02    0.17697E+03    0.17569E-23    0.18014E+03    0.14350E+01    0.15388E+01    0.91614E+02
    0.68136E+00    0.25386E+02    0.17697E+03    0.17569E-23    0.18014E+03    0.14350E+01    0.15388E+01    0.91614E+02
    0.68337E+00    0.25387E+02    0.17697E+03    0.17569E-23    0.18014E+03    0.14350E+01    0.15388E+01    0.91614E+02
    0.68537E+00    0.25387E+02    0.17697E+03    0.17570E-23    0.18014E+03    0.14350E+01    0.15388E+01    0.91614E+02
    0.68737E+00    0.25387E+02    0.17697E+03    0.17570E-23    0.18014E+03    0.14350E+01    0.15388E+01    0.91614E+02
    0.68938E+00    0.25387E+02    0.17698E+03    0.17570E-23    0.18014E+03    0.14350E+01    0.15388E+01    0.91613E+02
    0.69138E+00    0.25387E+02    0.17698E+03    0.17570E-23    0.18014E+03    0.14350E+01    0.15388E+01    0.91614E+02
    0.69339E+00    0.25387E+02    0.17698E+03    0.17570E-23    0.18015E+03    0.14350E+01    0.15388E+01    0.91614E+02
    0.69539E+00    0.25387E+02    0.17698E+03    0.17570E-23    0.18015E+03    0.14350E+01    0.15388E+01    0.91614E+02
    0.69739E+00    0.25387E+02    0.17698E+03    0.17570E-23    0.18015E+03    0.14350E+01    0.15388E+01    0.91614E+02
    0.69940E+00    0.25387E+02    0.17698E+03    0.17570E-23    0.18015E+03    0.14350E+01    0.15388E+01    0.91613E+02
    0.70140E+00    0.25387E+02    0.17698E+03    0.17570E-23    0.18015E+03    0.14350E+01    0.15388E+01    0.91614E+02
    0.70341E+00    0.25388E+02    0.17698E+03    0.17570E-23    0.18015E+03    0.14350E+01    0.15388E+01    0.91614E+02
    0.70541E+00    0.25388E+02    0.17698E+03    0.17571E-23    0.18015E+03    0.14350E+01    0.15388E+01    0.91614E+02
    0.70741E+00    0.25388E+02    0.17698E+03    0.17571E-23    0.18015E+03    0.14350E+01    0.15388E+01    0.91614E+02
    0.70942E+00    0.25388E+02    0.17698E+03    0.17571E-23    0.18015E+03    0.14350E+01    0.15388E+01    0.91613E+02
    0.71142E+00    0.25388E+02    0.17698E+03    0.17571E-23    0.18015E+03    0.14350E+01    0.15388E+01    0.91613E+02
    0.71343E+00    0.25388E+02    0.17698E+03    0.17571E-23    0.18015E+03    0.14350E+01    0.15388E+01    0.91614E+02
    0.71543E+00    0.25388E+02    0.17698E+03    0.17571E-23    0.18015E+03    0.14350E+01    0.15388E+01    0.91614E+02
    0.71743E+00    0.25388E+02    0.17698E+03    0.17571E-23    0.18015E+03    0.14350E+01    0.15388E+01    0.91614E+02
    0.71944E+00    0.25388E+02    0.17699E+03    0.17571E-23    0.18015E+03    0.14350E+01    0.15388E+01    0.91614E+02
    0.72144E+00    0.25388E+02    0.17699E+03    0.17571E-23    0.18015E+03    0.14350E+01    0.15388E+01    0.91614E+02
    0.72345E+00    0.25388E+02    0.17699E+03    0.17571E-23    0.18016E+03    0.14350E+01    0.15388E+01    0.91614E+02
    0.72545E+00    0.25389E+02    0.17699E+03    0.17571E-23    0.18016E+03    0.14350E+01    0.15388E+01    0.91613E+02
    0.72745E+00    0.25389E+02    0.17699E+03    0.17571E-23    0.18016E+03    0.14350E+01    0.15388E+01    0.91613E+02
    0.72946E+00    0.25389E+02    0.17699E+03    0.17571E-23    0.18016E+03    0.14350E+01    0.15388E+01    0.91613E+02
    0.73146E+00    0.25389E+02    0.17699E+03    0.17572E-23    0.18016E+03    0.14350E+01    0.15388E+01    0.91613E+02
    0.73347E+00    0.25389E+02    0.17699E+03    0.17572E-23    0.18016E+03    0.14350E+01    0.15388E+01    0.91614E+02
    0.73547E+00    0.25389E+02    0.17699E+03    0.17572E-23    0.18016E+03    0.14350E+01    0.15388E+01    0.91614E+02
    0.73747E+00    0.25389E+02    0.17699E+03    0.17572E-23    0.18016E+03    0.14350E+01    0.15388E+01    0.91614E+02
    0.73948E+00    0.25389E+02    0.17699E+03    0.17572E-23    0.18016E+03    0.14350E+01    0.15388E+01    0.91614E+02
    0.74148E+00    0.25389E+02    0.17699E+03    0.17572E-23    0.18016E+03    0.14350E+01    0.15388E+01    0.91614E+02
    0.74349E+00    0.25389E+02    0.17699E+03    0.17572E-23    0.18016E+03    0.14350E+01    0.15388E+01    0.91614E+02
    0.74549E+00    0.25389E+02    0.17699E+03    0.17572E-23    0.18016E+03    0.14350E+01    0.15388E+01    0.91614E+02
    0.74749E+00    0.25389E+02    0.17699E+03    0.17572E-23    0.18016E+03    0.14350E+01    0.15388E+01    0.91614E+02
    0.74950E+00    0.25389E+02    0.17699E+03    0.17572E-23    0.18016E+03    0.14350E+01    0.15388E+01    0.91614E+02
    0.75150E+00    0.25390E+02    0.17699E+03    0.17572E-23    0.18016E+03    0.14350E+01    0.15388E+01    0.91614E+02
    0.75351E+00    0.25390E+02    0.17699E+03    0.17572E-23    0.18016E+03    0.14350E+01    0.15388E+01    0.91614E+02
    0.75551E+00    0.25390E+02    0.17699E+03    0.17572E-23    0.18016E+03    0.14350E+01    0.15388E+01    0.91614E+02
    0.75752E+00    0.25390E+02    0.17700E+03    0.17572E-23    0.18016E+03    0.14350E+01    0.15388E+01    0.91614E+02
    0.75952E+00    0.25390E+02    0.17700E+03    0.17572E-23    0.18016E+03    0.14350E+01    0.15388E+01    0.91614E+02
    0.76152E+00    0.25390E+02    0.17700E+03    0.17572E-23    0.18017E+03    0.14350E+01    0.15388E+01    0.91614E+02
    0.76353E+00    0.25390E+02    0.17700E+03    0.17572E-23    0.18017E+03    0.14350E+01    0.15388E+01    0.91614E+02
    0.76553E+00    0.25390E+02    0.17700E+03    0.17572E-23    0.18017E+03    0.14350E+01    0.15388E+01    0.91614E+02
    0.76754E+00    0.25390E+02    0.17700E+03    0.17572E-23    0.18017E+03    0.14350E+01    0.15388E+01    0.91614E+02
    0.76954E+00    0.25390E+02    0.17700E+03    0.17573E-23    0.18017E+03    0.14350E+01    0.15388E+01    0.91614E+02
    0.77154E+00    0.25390E+02    0.17700E+03    0.17573E-23    0.18017E+03    0.14350E+01    0.15388E+01    0.91614E+02
    0.77355E+00    0.25390E+02    0.17700E+03    0.17573E-23    0.18017E+03    0.14350E+01    0.15388E+01    0.91614E+02
    0.77555E+00    0.25390E+02    0.17700E+03    0.17573E-23    0.18017E+03    0.14350E+01    0.15388E+01    0.91614E+02
    0.77756E+00    0.25390E+02    0.17700E+03    0.17573E-23    0.18017E+03    0.14350E+01    0.15388E+01    0.91614E+02
    0.77956E+00    0.25390E+02    0.17700E+03    0.17573E-23    0.18017E+03    0.14350E+01    0.15388E+01    0.91614E+02
    0.78156E+00    0.25390E+02    0.17700E+03    0.17573E-23    0.18017E+03    0.14350E+01    0.15388E+01    0.91614E+02
    0.78357E+00    0.25391E+02    0.17700E+03    0.17573E-23    0.18017E+03    0.14350E+01    0.15388E+01    0.91614E+02
    0.78557E+00    0.25391E+02    0.17700E+03    0.17573E-23    0.18017E+03    0.14350E+01    0.15388E+01    0.91614E+02
    0.78758E+00    0.25391E+02    0.17700E+03    0.17573E-23    0.18017E+03    0.14350E+01    0.15388E+01    0.91614E+02
    0.78958E+00    0.25391E+02    0.17700E+03    0.17573E-23    0.18017E+03    0.14350E+01    0.15388E+01    0.91614E+02
    0.79158E+00    0.25391E+02    0.17700E+03    0.17573E-23    0.18017E+03    0.14350E+01    0.15388E+01    0.91614E+02
    0.79359E+00    0.25391E+02    0.17700E+03    0.17573E-23    0.18017E+03    0.14350E+01    0.15388E+01    0.91614E+02
    0.79559E+00    0.25391E+02    0.17700E+03    0.17573E-23    0.18017E+03    0.14350E+01    0.15388E+01    0.91614E+02
    0.79760E+00    0.25391E+02    0.17700E+03    0.17573E-23    0.18017E+03    0.14350E+01    0.15388E+01    0.91614E+02
    0.79960E+00    0.25391E+02    0.17700E+03    0.17573E-23    0.18017E+03    0.14350E+01    0.15388E+01    0.91614E+02
    0.80160E+00    0.25391E+02    0.17700E+03    0.17573E-23    0.18017E+03    0.14350E+01    0.15388E+01    0.91614E+02
    0.80361E+00    0.25391E+02    0.17700E+03    0.17573E-23    0.18017E+03    0.14350E+01    0.15388E+01    0.91614E+02
    0.80561E+00    0.25391E+02    0.17700E+03    0.17573E-23    0.18017E+03    0.14350E+01    0.15388E+01    0.91613E+02
    0.80762E+00    0.25391E+02    0.17701E+03    0.17573E-23    0.18017E+03    0.14350E+01    0.15388E+01    0.91613E+02
    0.80962E+00    0.25391E+02    0.17701E+03    0.17573E-23    0.18017E+03    0.14350E+01    0.15388E+01    0.91613E+02
    0.81162E+00    0.25391E+02    0.17701E+03    0.17573E-23    0.18018E+03    0.14350E+01    0.15388E+01    0.91613E+02
    0.81363E+00    0.25391E+02    0.17701E+03    0.17573E-23    0.18018E+03    0.14350E+01    0.15388E+01    0.91613E+02
    0.81563E+00    0.25391E+02    0.17701E+03    0.17573E-23    0.18018E+03    0.14350E+01    0.15388E+01    0.91614E+02
    0.81764E+00    0.25391E+02    0.17701E+03    0.17573E-23    0.18018E+03    0.14350E+01    0.15388E+01    0.91614E+02
    0.81964E+00    0.25391E+02    0.17701E+03    0.17573E-23    0.18018E+03    0.14350E+01    0.15388E+01    0.91614E+02
    0.82164E+00    0.25392E+02    0.17701E+03    0.17573E-23    0.18018E+03    0.14350E+01    0.15388E+01    0.91614E+02
    0.82365E+00    0.25392E+02    0.17701E+03    0.17573E-23    0.18018E+03    0.14350E+01    0.15388E+01    0.91614E+02
    0.82565E+00    0.25392E+02    0.17701E+03    0.17573E-23    0.18018E+03    0.14350E+01    0.15388E+01    0.91614E+02
    0.82766E+00    0.25392E+02    0.17701E+03    0.17573E-23    0.18018E+03    0.14350E+01    0.15388E+01    0.91614E+02
    0.82966E+00    0.25392E+02    0.17701E+03    0.17573E-23    0.18018E+03    0.14350E+01    0.15388E+01    0.91614E+02
    0.83166E+00    0.25392E+02    0.17701E+03    0.17573E-23    0.18018E+03    0.14350E+01    0.15388E+01    0.91614E+02
    0.83367E+00    0.25392E+02    0.17701E+03    0.17573E-23    0.18018E+03    0.14350E+01    0.15388E+01    0.91614E+02
    0.83567E+00    0.25392E+02    0.17701E+03    0.17574E-23    0.18018E+03    0.14350E+01    0.15388E+01    0.91614E+02
    0.83768E+00    0.25392E+02    0.17701E+03    0.17574E-23    0.18018E+03    0.14350E+01    0.15388E+01    0.91613E+02
    0.83968E+00    0.25392E+02    0.17701E+03    0.17574E-23    0.18018E+03    0.14350E+01    0.15388E+01    0.91613E+02
    0.84168E+00    0.25392E+02    0.17701E+03    0.17574E-23    0.18018E+03    0.14350E+01    0.15388E+01    0.91614E+02
    0.84369E+00    0.25392E+02    0.17701E+03    0.17574E-23    0.18018E+03    0.14350E+01    0.15388E+01    0.91614E+02
    0.84569E+00    0.25392E+02    0.17701E+03    0.17574E-23    0.18018E+03    0.14350E+01    0.15388E+01    0.91614E+02
    0.84770E+00    0.25392E+02    0.17701E+03    0.17574E-23    0.18018E+03    0.14350E+01    0.15388E+01    0.91614E+02
    0.84970E+00    0.25392E+02    0.17701E+03    0.17574E-23    0.18018E+03    0.14350E+01    0.15388E+01    0.91614E+02
    0.85170E+00    0.25392E+02    0.17701E+03    0.17574E-23    0.18018E+03    0.14350E+01    0.15388E+01    0.91614E+02
    0.85371E+00    0.25392E+02    0.17701E+03    0.17574E-23    0.18018E+03    0.14350E+01    0.15388E+01    0.91614E+02
    0.85571E+00    0.25392E+02    0.17701E+03    0.17574E-23    0.18018E+03    0.14350E+01    0.15388E+01    0.91614E+02
    0.85772E+00    0.25392E+02    0.17701E+03    0.17574E-23    0.18018E+03    0.14350E+01    0.15388E+01    0.91614E+02
    0.85972E+00    0.25392E+02    0.17701E+03    0.17574E-23    0.18018E+03    0.14350E+01    0.15388E+01    0.91614E+02
    0.86172E+00    0.25392E+02    0.17701E+03    0.17574E-23    0.18018E+03    0.14350E+01    0.15388E+01    0.91613E+02
    0.86373E+00    0.25392E+02    0.17701E+03    0.17574E-23    0.18018E+03    0.14350E+01    0.15388E+01    0.91613E+02
    0.86573E+00    0.25392E+02    0.17701E+03    0.17574E-23    0.18018E+03    0.14350E+01    0.15388E+01    0.91614E+02
    0.86774E+00    0.25393E+02    0.17701E+03    0.17574E-23    0.18018E+03    0.14350E+01    0.15388E+01    0.91614E+02
    0.86974E+00    0.25393E+02    0.17701E+03    0.17574E-23    0.18018E+03    0.14350E+01    0.15388E+01    0.91614E+02
    0.87174E+00    0.25393E+02    0.17702E+03    0.17574E-23    0.18018E+03    0.14350E+01    0.15388E+01    0.91614E+02
    0.87375E+00    0.25393E+02    0.17702E+03    0.17574E-23    0.18018E+03    0.14350E+01    0.15388E+01    0.91614E+02
    0.87575E+00    0.25393E+02    0.17702E+03    0.17574E-23    0.18018E+03    0.14350E+01    0.15388E+01    0.91614E+02
    0.87776E+00    0.25393E+02    0.17702E+03    0.17574E-23    0.18019E+03    0.14350E+01    0.15388E+01    0.91614E+02
    0.87976E+00    0.25393E+02    0.17702E+03    0.17574E-23    0.18019E+03    0.14350E+01    0.15388E+01    0.91614E+02
    0.88176E+00    0.25393E+02    0.17702E+03    0.17574E-23    0.18019E+03    0.14350E+01    0.15388E+01    0.91614E+02
    0.88377E+00    0.25393E+02    0.17702E+03    0.17574E-23    0.18019E+03    0.14350E+01    0.15388E+01    0.91613E+02
    0.88577E+00    0.25393E+02    0.17702E+03    0.17574E-23    0.18019E+03    0.14350E+01    0.15388E+01    0.91614E+02
    0.88778E+00    0.25393E+02    0.17702E+03    0.17574E-23    0.18019E+03    0.14350E+01    0.15388E+01    0.91614E+02
    0.88978E+00    0.25393E+02    0.17702E+03    0.17574E-23    0.18019E+03    0.14350E+01    0.15388E+01    0.91614E+02
    0.89178E+00    0.25393E+02    0.17702E+03    0.17574E-23    0.18019E+03    0.14350E+01    0.15388E+01    0.91614E+02
    0.89379E+00    0.25393E+02    0.17702E+03    0.17574E-23    0.18019E+03    0.14350E+01    0.15388E+01    0.91614E+02
    0.89579E+00    0.25393E+02    0.17702E+03    0.17574E-23    0.18019E+03    0.14350E+01    0.15388E+01    0.91614E+02
    0.89780E+00    0.25393E+02    0.17702E+03    0.17574E-23    0.18019E+03    0.14350E+01    0.15388E+01    0.91614E+02
    0.89980E+00    0.25393E+02    0.17702E+03    0.17574E-23    0.18019E+03    0.14350E+01    0.15388E+01    0.91614E+02
    0.90180E+00    0.25393E+02    0.17702E+03    0.17574E-23    0.18019E+03    0.14350E+01    0.15388E+01    0.91614E+02
    0.90381E+00    0.25393E+02    0.17702E+03    0.17574E-23    0.18019E+03    0.14350E+01    0.15388E+01    0.91614E+02
    0.90581E+00    0.25393E+02    0.17702E+03    0.17574E-23    0.18019E+03    0.14350E+01    0.15388E+01    0.91614E+02
    0.90782E+00    0.25393E+02    0.17702E+03    0.17574E-23    0.18019E+03    0.14350E+01    0.15388E+01    0.91614E+02
    0.90982E+00    0.25393E+02    0.17702E+03    0.17574E-23    0.18019E+03    0.14350E+01    0.15388E+01    0.91614E+02
    0.91182E+00    0.25393E+02    0.17702E+03    0.17574E-23    0.18019E+03    0.14350E+01    0.15388E+01    0.91614E+02
    0.91383E+00    0.25393E+02    0.17702E+03    0.17574E-23    0.18019E+03    0.14350E+01    0.15388E+01    0.91614E+02
    0.91583E+00    0.25393E+02    0.17702E+03    0.17574E-23    0.18019E+03    0.14350E+01    0.15388E+01    0.91614E+02
    0.91784E+00    0.25393E+02    0.17702E+03    0.17574E-23    0.18019E+03    0.14350E+01    0.15388E+01    0.91614E+02
    0.91984E+00    0.25393E+02    0.17702E+03    0.17574E-23    0.18019E+03    0.14350E+01    0.15388E+01    0.91614E+02
    0.92184E+00    0.25393E+02    0.17702E+03    0.17574E-23    0.18019E+03    0.14350E+01    0.15388E+01    0.91614E+02
    0.92385E+00    0.25393E+02    0.17702E+03    0.17574E-23    0.18019E+03    0.14350E+01    0.15388E+01    0.91614E+02
    0.92585E+00    0.25393E+02    0.17702E+03    0.17574E-23    0.18019E+03    0.14350E+01    0.15388E+01    0.91614E+02
    0.92786E+00    0.25394E+02    0.17702E+03    0.17574E-23    0.18019E+03    0.14350E+01    0.15388E+01    0.91614E+02
    0.92986E+00    0.25394E+02    0.17702E+03    0.17574E-23    0.18019E+03    0.14350E+01    0.15388E+01    0.91614E+02
    0.93186E+00    0.25394E+02    0.17702E+03    0.17574E-23    0.18019E+03    0.14350E+01    0.15388E+01    0.91614E+02
    0.93387E+00    0.25394E+02    0.17702E+03    0.17574E-23    0.18019E+03    0.14350E+01    0.15388E+01    0.91614E+02
    0.93587E+00    0.25394E+02    0.17702E+03    0.17574E-23    0.18019E+03    0.14350E+01    0.15388E+01    0.91614E+02
    0.93788E+00    0.25394E+02    0.17702E+03    0.17574E-23    0.18019E+03    0.14350E+01    0.15388E+01    0.91614E+02
    0.93988E+00    0.25394E+02    0.17702E+03    0.17574E-23    0.18019E+03    0.14350E+01    0.15388E+01    0.91614E+02
    0.94188E+00    0.25394E+02    0.17702E+03    0.17574E-23    0.18019E+03    0.14350E+01    0.15388E+01    0.91614E+02
    0.94389E+00    0.25394E+02    0.17702E+03    0.17574E-23    0.18019E+03    0.14350E+01    0.15388E+01    0.91614E+02
    0.94589E+00    0.25394E+02    0.17702E+03    0.17574E-23    0.18019E+03    0.14350E+01    0.15388E+01    0.91614E+02
    0.94790E+00    0.25394E+02    0.17702E+03    0.17574E-23    0.18019E+03    0.14350E+01    0.15388E+01    0.91614E+02
    0.94990E+00    0.25394E+02    0.17702E+03    0.17574E-23    0.18019E+03    0.14350E+01    0.15388E+01    0.91614E+02
    0.95190E+00    0.25394E+02    0.17702E+03    0.17574E-23    0.18019E+03    0.14350E+01    0.15388E+01    0.91614E+02
    0.95391E+00    0.25394E+02    0.17702E+03    0.17574E-23    0.18019E+03    0.14350E+01    0.15388E+01    0.91614E+02
    0.95591E+00    0.25394E+02    0.17702E+03    0.17574E-23    0.18019E+03    0.14350E+01    0.15388E+01    0.91614E+02
    0.95792E+00    0.25394E+02    0.17702E+03    0.17574E-23    0.18019E+03    0.14350E+01    0.15388E+01    0.91614E+02
    0.95992E+00    0.25394E+02    0.17702E+03    0.17574E-23    0.18019E+03    0.14350E+01    0.15388E+01    0.91614E+02
    0.96192E+00    0.25394E+02    0.17702E+03    0.17574E-23    0.18019E+03    0.14350E+01    0.15388E+01    0.91614E+02
    0.96393E+00    0.25394E+02    0.17703E+03    0.17574E-23    0.18019E+03    0.14350E+01    0.15388E+01    0.91614E+02
    0.96593E+00    0.25394E+02    0.17703E+03    0.17574E-23    0.18019E+03    0.14350E+01    0.15388E+01    0.91614E+02
    0.96794E+00    0.25394E+02    0.17703E+03    0.17574E-23    0.18019E+03    0.14350E+01    0.15388E+01    0.91614E+02
    0.96994E+00    0.25394E+02    0.17703E+03    0.17574E-23    0.18020E+03    0.14350E+01    0.15388E+01    0.91614E+02
    0.97194E+00    0.25394E+02    0.17703E+03    0.17574E-23    0.18020E+03    0.14350E+01    0.15388E+01    0.91614E+02
    0.97395E+00    0.25394E+02    0.17703E+03    0.17574E-23    0.18020E+03    0.14350E+01    0.15388E+01    0.91614E+02
    0.97595E+00    0.25394E+02    0.17703E+03    0.17574E-23    0.18020E+03    0.14350E+01    0.15388E+01    0.91614E+02
    0.97796E+00    0.25394E+02    0.17703E+03    0.17574E-23    0.18020E+03    0.14350E+01    0.15388E+01    0.91614E+02
    0.97996E+00    0.25394E+02    0.17703E+03    0.17574E-23    0.18020E+03    0.14350E+01    0.15388E+01    0.91614E+02
    0.98196E+00    0.25394E+02    0.17703E+03    0.17574E-23    0.18020E+03    0.14350E+01    0.15388E+01    0.91614E+02
    0.98397E+00    0.25394E+02    0.17703E+03    0.17574E-23    0.18020E+03    0.14350E+01    0.15388E+01    0.91614E+02
    0.98597E+00    0.25394E+02    0.17703E+03    0.17574E-23    0.18020E+03    0.14350E+01    0.15388E+01    0.91614E+02
    0.98798E+00    0.25394E+02    0.17703E+03    0.17574E-23    0.18020E+03    0.14350E+01    0.15388E+01    0.91614E+02
    0.98998E+00    0.25394E+02    0.17703E+03    0.17574E-23    0.18020E+03    0.14350E+01    0.15388E+01    0.91614E+02
    0.99198E+00    0.25394E+02    0.17703E+03    0.17574E-23    0.18020E+03    0.14350E+01    0.15388E+01    0.91614E+02
    0.99399E+00    0.25394E+02    0.17703E+03    0.17574E-23    0.18020E+03    0.14350E+01    0.15388E+01    0.91614E+02
    0.99599E+00    0.25394E+02    0.17703E+03    0.17574E-23    0.18020E+03    0.14350E+01    0.15388E+01    0.91614E+02
    0.99800E+00    0.25394E+02    0.17703E+03    0.17574E-23    0.18020E+03    0.14350E+01    0.15388E+01    0.91614E+02
    0.10000E+01    0.25394E+02    0.17703E+03    0.17574E-23    0.18020E+03    0.14350E+01    0.15388E+01    0.91614E+02
 #Jsc:   180.197737203711      W/Vm^{2}
 #Vmax:   1.43497619777918      V
 #Voc:   1.53878574520350      V
 #fr:   1.00000000000000     
 #SLME-max   25.3944800079167      %
 #Thickness:   1.00000000000000      micro m
 #FF   91.6135098847976      %
